8064	8052	8058	8061	8053	8045	8041	8032	8033	8039	8038	8035	8036	8036	8035	8030	8028	8027	8022	8030	8030	8033	8038	8032	8017	8019	8017	8018	8017	8021	8023	8024	8023	8012	8021	8023	8024	8019	8010	8012	8008	8004	8003	8004	8018	8018	8026	8021	8025	8021	8006	7998	7939	7941	8003	8023	8029	8031	8029	8027	8026	8023	8022	8023	8017	8011	8003	7997	7994	7986	7981	7981	7981	7973	7971	7974	7969	7964	7961	7961	
8078	8060	8052	8058	8051	8045	8037	8030	8031	8035	8039	8037	8037	8038	8032	8029	8026	8034	8031	8046	8054	8051	8057	8055	8044	8041	8040	8038	8024	8016	8014	8010	8016	8016	8021	8027	8029	8028	8015	8008	8000	7993	7984	7973	7970	7998	8008	8013	8012	8009	8002	7981	7948	7924	7977	8016	8027	8031	8029	8026	8026	8024	8022	8027	8019	8004	8003	7997	7993	7984	7983	7982	7981	7976	7974	7977	7981	7967	7964	7956	
8076	8056	8049	8060	8051	8044	8039	8031	8032	8038	8038	8037	8033	8031	8031	8031	8042	8057	8063	8075	8088	8085	8085	8085	8081	8082	8081	8070	8042	8021	8008	7993	8001	8007	8022	8027	8033	8038	8029	8015	8001	7975	7967	7952	7957	7984	7991	7996	7998	7997	7995	7990	7970	7934	7968	8018	8032	8032	8031	8025	8026	8022	8023	8021	8015	8004	8001	7996	7993	7994	7987	7983	7981	7975	7971	7972	7978	7954	7956	7954	
8078	8071	8054	8062	8052	8041	8037	8046	8044	8043	8047	8038	8030	8032	8031	8047	8061	8075	8080	8081	8086	8094	8091	8087	8090	8100	8093	8091	8080	8070	8044	8014	8004	8009	8015	8017	8019	8019	8015	8012	8010	8008	7997	7974	7961	7988	7984	7986	7992	7990	7994	7995	7980	7960	7981	8013	8031	8031	8027	8024	8025	8021	8019	8022	8014	8009	8004	8000	7994	7991	7985	7984	7980	7972	7973	7966	7964	7953	7949	7948	
8078	8066	8058	8066	8049	8038	8037	8083	8102	8097	8091	8086	8065	8048	8048	8059	8074	8084	8087	8096	8102	8097	8088	8086	8089	8090	8092	8097	8090	8088	8080	8069	8040	8035	8040	8036	8030	8030	8022	8021	8022	8014	8000	7988	7976	8003	8006	8010	8009	8008	8001	8003	7986	7974	7985	8016	8028	8028	8030	8025	8028	8022	8022	8024	8016	8013	8006	8001	7992	7990	7984	7978	7981	7974	7970	7966	7963	7943	7940	7945	
8078	8055	8057	8052	8053	8053	8077	8109	8114	8115	8124	8137	8117	8065	8061	8072	8080	8091	8095	8105	8114	8093	8099	8092	8088	8093	8093	8098	8100	8094	8091	8086	8075	8054	8052	8047	8043	8043	8034	8037	8035	8027	8011	7996	8010	8016	8013	8009	8009	8013	8014	8017	8004	7998	8000	8016	8027	8030	8030	8024	8025	8025	8022	8026	8022	8015	8002	7999	7994	7997	7987	7983	7981	7976	7969	7955	7956	7945	7941	7937	
8088	8064	8064	8067	8077	8110	8138	8125	8109	8096	8113	8128	8102	8061	8072	8086	8090	8097	8111	8113	8106	8127	8149	8125	8107	8106	8101	8107	8102	8108	8110	8102	8098	8067	8053	8051	8047	8048	8039	8038	8039	8042	8039	8041	8042	8033	8033	8036	8033	8038	8038	8038	8018	8027	8036	8041	8029	8031	8028	8025	8025	8021	8020	8018	8021	8012	8001	8000	7992	7994	7992	7984	7982	7974	7967	7965	7954	7937	7936	7935	
8146	8122	8134	8115	8128	8180	8214	8220	8200	8154	8128	8106	8077	8074	8089	8104	8110	8117	8127	8129	8138	8186	8189	8165	8152	8141	8137	8152	8135	8119	8119	8114	8111	8079	8049	8045	8044	8043	8041	8044	8040	8037	8044	8052	8050	8049	8048	8045	8037	8036	8035	8040	8035	8039	8036	8030	8027	8025	8026	8024	8023	8017	8014	8012	8002	8004	7998	7997	7993	7993	7986	7985	7980	7967	7969	7959	7951	7934	7930	7929	
8126	8140	8177	8186	8187	8228	8242	8246	8225	8167	8123	8103	8087	8090	8100	8118	8129	8136	8155	8170	8193	8239	8231	8212	8203	8221	8240	8262	8229	8176	8135	8131	8128	8087	8047	8043	8043	8050	8047	8047	8043	8040	8037	8040	8042	8033	8030	8031	8036	8033	8035	8039	8032	8034	8025	8014	8019	8023	8023	8020	8020	8020	8010	8008	8006	8001	8003	7995	7992	7991	7983	7985	7978	7971	7956	7949	7948	7925	7925	7928	
8134	8152	8187	8184	8165	8170	8201	8197	8184	8133	8093	8094	8094	8108	8121	8138	8132	8150	8186	8215	8254	8302	8317	8281	8285	8325	8342	8313	8275	8243	8199	8150	8141	8096	8049	8047	8053	8051	8042	8037	8032	8026	8029	8029	8035	8035	8031	8031	8031	8026	8021	8027	8024	8032	8022	8008	8009	8022	8019	8019	8018	8015	8007	8005	7999	7995	8002	7991	7990	7991	7986	7976	7971	7971	7953	7945	7937	7911	7923	7924	
8109	8079	8078	8095	8077	8074	8084	8085	8098	8102	8095	8093	8092	8105	8105	8107	8126	8183	8224	8277	8334	8381	8392	8358	8381	8392	8373	8367	8344	8318	8273	8202	8155	8087	8052	8047	8044	8044	8031	8030	8032	8028	8030	8031	8030	8027	8023	8025	8026	8026	8025	8028	8023	8028	8023	8006	7965	8005	8014	8014	8011	8008	7999	8003	7997	7999	7998	7994	7992	7993	7989	7980	7966	7961	7954	7940	7937	7908	7914	7920	
8074	8046	8050	8048	8044	8049	8043	8050	8055	8055	8051	8059	8089	8100	8103	8113	8149	8221	8298	8372	8403	8408	8418	8412	8410	8400	8387	8381	8382	8375	8342	8261	8181	8086	8048	8047	8045	8040	8035	8030	8032	8030	8029	8031	8027	8026	8020	8025	8028	8025	8023	8029	8027	8026	8026	8009	8000	8012	8012	8012	8009	8006	7997	7997	7995	7991	7999	7994	7987	7986	7979	7978	7963	7948	7934	7937	7929	7911	7910	7912	
8068	8039	8039	8045	8039	8046	8046	8041	8047	8053	8050	8053	8085	8107	8117	8149	8218	8324	8393	8415	8407	8404	8404	8406	8406	8396	8394	8375	8351	8349	8340	8269	8195	8106	8051	8041	8046	8045	8041	8040	8040	8035	8033	8030	8031	8029	8028	8025	8027	8025	8025	8034	8033	8030	8025	8020	8010	8008	8012	8014	8004	8003	8002	7996	7992	7996	7999	7998	7990	7985	7976	7968	7956	7943	7936	7933	7924	7913	7901	7908	
8073	8062	8052	8058	8052	8048	8044	8050	8058	8057	8053	8068	8096	8117	8142	8190	8281	8376	8417	8414	8390	8382	8391	8394	8393	8393	8386	8341	8290	8239	8204	8203	8193	8112	8058	8051	8055	8060	8057	8063	8062	8048	8037	8036	8032	8032	8029	8031	8028	8029	8035	8035	8032	8034	8021	8005	8004	8004	8008	8006	8002	8001	8000	7998	7998	7996	7995	7995	7989	7980	7971	7964	7944	7938	7930	7933	7924	7905	7900	7909	
8070	8045	8063	8066	8061	8076	8079	8100	8126	8108	8074	8064	8097	8131	8166	8225	8296	8387	8416	8388	8360	8356	8359	8373	8374	8375	8336	8258	8208	8180	8164	8183	8211	8136	8070	8066	8068	8075	8093	8126	8117	8074	8050	8038	8032	8028	8026	8028	8034	8037	8033	8044	8031	8018	8006	8010	8002	7999	8002	8005	8007	8005	8001	7994	7995	7990	7995	7986	7979	7976	7968	7956	7944	7936	7933	7935	7919	7899	7906	7901	
8068	8054	8080	8106	8114	8125	8135	8136	8158	8185	8100	8077	8086	8125	8174	8229	8278	8365	8394	8335	8280	8249	8241	8248	8270	8314	8271	8217	8186	8169	8165	8194	8252	8160	8091	8074	8087	8077	8116	8183	8136	8064	8047	8035	8032	8031	8029	8033	8037	8038	8035	8030	8010	8004	8015	8034	8005	8004	8000	8002	8006	8003	7997	7989	7991	7989	7990	7979	7972	7971	7962	7961	7948	7941	7932	7925	7916	7908	7907	7901	
8068	8082	8140	8147	8143	8174	8206	8285	8333	8365	8156	8089	8063	8084	8161	8209	8264	8360	8302	8201	8163	8147	8161	8174	8219	8312	8288	8234	8208	8199	8215	8264	8266	8159	8091	8095	8095	8114	8152	8134	8090	8049	8060	8043	8036	8032	8035	8040	8036	8027	8021	8020	8013	8005	8001	8003	8009	8006	7999	8003	8002	8001	7996	7994	7990	7987	7984	7972	7971	7964	7956	7952	7943	7938	7936	7924	7917	7907	7909	7909	
8069	8080	8170	8263	8265	8281	8298	8247	8214	8168	8126	8068	8043	8054	8122	8204	8255	8263	8236	8164	8147	8145	8153	8172	8219	8288	8290	8283	8307	8322	8318	8312	8272	8168	8131	8143	8138	8140	8100	8073	8047	8045	8126	8055	8035	8030	8025	8027	8028	8022	8017	8019	8014	8010	7999	8002	8007	8002	8001	7995	7995	7991	7989	7993	7996	7988	7975	7970	7961	7963	7958	7954	7948	7926	7926	7924	7925	7920	7911	7912	
8069	8071	8167	8264	8232	8191	8151	8124	8092	8071	8049	8041	8035	8040	8083	8198	8236	8287	8338	8256	8170	8169	8191	8223	8266	8262	8265	8311	8350	8363	8337	8303	8269	8164	8111	8098	8075	8062	8043	8042	8033	8034	8035	8032	8029	8026	8023	8021	8021	8014	8016	8016	8011	8006	8002	7999	7998	7999	8014	8000	7992	7991	7991	7992	7989	7984	7981	7981	7964	7964	7958	7952	7945	7926	7927	7927	7930	7917	7914	7913	
8056	8047	8066	8109	8100	8081	8053	8043	8042	8038	8038	8038	8038	8042	8060	8181	8267	8312	8332	8324	8280	8293	8330	8340	8321	8243	8236	8270	8344	8361	8352	8311	8261	8132	8061	8046	8046	8044	8037	8033	8030	8025	8027	8028	8029	8024	8028	8026	8020	8017	8015	8013	8001	8000	7996	7994	7994	7993	7991	7987	7993	7991	7985	7990	7986	7981	7982	7971	7960	7957	7957	7946	7945	7929	7929	7930	7932	7921	7918	7917	
8035	7996	7998	8027	8036	8038	8036	8037	8036	8038	8034	8040	8038	8044	8054	8141	8226	8283	8329	8346	8342	8337	8349	8358	8338	8300	8286	8317	8358	8367	8365	8323	8261	8113	8051	8048	8046	8043	8037	8032	8030	8030	8029	8029	8030	8031	8028	8027	8023	8016	8015	8019	8004	8001	7992	7992	7992	7993	7987	7984	7990	7994	7989	7987	7985	7981	7975	7965	7965	7957	7950	7942	7931	7934	7933	7932	7930	7921	7927	7924	
7984	7966	7981	8013	8034	8037	8037	8033	8033	8038	8041	8041	8038	8047	8050	8089	8180	8264	8324	8331	8330	8330	8339	8356	8356	8351	8347	8356	8368	8370	8362	8327	8267	8115	8056	8049	8049	8044	8035	8031	8033	8036	8027	8030	8024	8026	8030	8027	8023	8019	8014	8020	8006	8001	7994	7992	7989	7991	7991	7986	7982	7993	7993	7987	7981	7973	7971	7968	7965	7964	7951	7944	7935	7934	7939	7935	7931	7923	7932	7927	
8026	8024	8041	8045	8041	8041	8038	8031	8035	8040	8042	8042	8046	8051	8048	8060	8125	8217	8305	8332	8317	8315	8332	8358	8363	8358	8355	8355	8366	8368	8364	8329	8264	8108	8053	8049	8043	8041	8032	8032	8031	8027	8022	8026	8025	8023	8026	8023	8023	8022	8011	8012	8002	7998	7992	7991	7988	7990	7993	7984	7973	7989	8037	7995	7979	7972	7969	7966	7963	7958	7951	7949	7942	7939	7936	7938	7938	7930	7929	7933	
8061	8044	8048	8046	8046	8041	8036	8029	8035	8041	8045	8051	8057	8066	8074	8057	8068	8136	8240	8311	8317	8313	8331	8367	8369	8368	8378	8382	8374	8374	8366	8335	8252	8087	8051	8046	8043	8041	8031	8025	8029	8027	8024	8025	8024	8022	8024	8023	8019	8023	8017	8014	8004	7998	7996	7989	7986	7986	7990	7979	7970	7976	8042	7998	7983	7973	7971	7962	7954	7954	7953	7947	7948	7940	7938	7939	7937	7932	7929	7931	
8065	8048	8050	8047	8041	8040	8028	8025	8028	8040	8049	8067	8114	8106	8137	8093	8042	8056	8110	8229	8310	8304	8324	8364	8382	8388	8398	8400	8390	8382	8369	8337	8240	8071	8051	8047	8040	8036	8029	8029	8029	8026	8024	8025	8028	8025	8021	8023	8025	8021	8019	8009	8005	8000	7995	7988	7984	7985	7983	7978	7968	7974	8054	8017	7986	7975	7964	7956	7955	7959	7954	7948	7947	7938	7939	7938	7937	7929	7928	7927	
8068	8056	8063	8071	8051	8027	8008	7999	8011	8035	8082	8131	8114	8083	8065	8052	8038	8043	8045	8100	8264	8301	8328	8370	8393	8398	8401	8393	8379	8376	8367	8336	8225	8079	8072	8055	8039	8039	8034	8035	8034	8026	8024	8024	8029	8026	8020	8023	8021	8017	8011	8011	8003	8002	7997	7993	7986	7983	7982	7981	7975	7962	8013	8054	7987	7965	7958	7954	7952	7952	7947	7944	7944	7939	7941	7936	7935	7927	7923	7925	
8073	8063	8075	8086	8061	8030	8009	8014	8033	8044	8042	8029	8022	8048	8038	8042	8041	8049	8053	8066	8150	8298	8338	8374	8392	8392	8387	8378	8366	8373	8367	8341	8283	8156	8114	8075	8056	8047	8041	8036	8036	8032	8031	8032	8029	8027	8027	8027	8024	8018	8013	8013	8007	8004	7998	7991	7985	7982	7984	7986	7975	7959	7969	8054	7994	7967	7960	7955	7942	7947	7945	7947	7945	7941	7935	7933	7927	7925	7911	7920	
8080	8079	8099	8151	8134	8073	8056	8092	8055	8037	8038	8033	8032	8045	8067	8104	8103	8084	8059	8048	8089	8286	8339	8369	8382	8383	8382	8377	8373	8373	8381	8358	8337	8274	8191	8127	8110	8096	8078	8072	8066	8060	8068	8071	8073	8067	8056	8048	8039	8027	8018	8024	8014	8007	7999	7994	7983	7984	7982	7980	7964	7960	7962	8027	7999	7958	7955	7947	7944	7943	7944	7947	7946	7944	7942	7921	7924	7902	7913	7909	
8131	8135	8098	8033	8030	8046	8074	8138	8073	8036	8042	8042	8044	8066	8112	8140	8129	8097	8060	8055	8124	8262	8358	8368	8376	8377	8382	8378	8369	8375	8382	8382	8365	8348	8274	8195	8180	8179	8175	8175	8169	8163	8161	8169	8169	8171	8162	8142	8120	8079	8037	8031	8020	8013	8003	7987	7984	7986	7978	7971	7965	7955	7949	7978	7994	7962	7951	7945	7942	7940	7946	7950	7945	7941	7935	7925	7906	7902	7908	7907	
8062	8046	8036	8029	8027	8051	8128	8170	8073	8055	8060	8058	8047	8053	8071	8100	8083	8070	8045	8065	8175	8252	8358	8375	8377	8374	8375	8381	8368	8359	8368	8385	8376	8374	8336	8214	8194	8192	8201	8223	8228	8211	8191	8189	8202	8186	8203	8191	8172	8178	8127	8067	8027	8015	8004	7986	7982	7984	7972	7965	7961	7953	7949	7965	7990	7967	7950	7949	7940	7944	7946	7948	7939	7932	7921	7907	7905	7899	7899	7905	
8054	8039	8036	8045	8041	8059	8068	8073	8060	8062	8096	8101	8053	8051	8061	8023	8034	8040	8028	8056	8170	8246	8353	8375	8385	8375	8371	8383	8378	8367	8371	8383	8380	8379	8360	8220	8187	8192	8184	8208	8239	8227	8197	8201	8212	8196	8186	8193	8178	8204	8185	8170	8080	8021	8008	7996	7980	7979	7972	7962	7956	7947	7944	7964	7976	7960	7949	7948	7939	7945	7939	7937	7934	7930	7917	7907	7903	7895	7896	7899	
8054	8048	8051	8052	8051	8062	8085	8113	8079	8078	8079	8068	8061	8054	8051	8019	8025	8027	8021	8034	8123	8248	8357	8369	8366	8366	8376	8392	8393	8383	8375	8373	8373	8383	8339	8196	8182	8193	8188	8187	8207	8219	8208	8211	8225	8213	8188	8176	8168	8203	8191	8191	8170	8087	8013	7994	7976	7973	7968	7956	7953	7949	7944	7956	7966	7963	7946	7945	7941	7940	7932	7928	7930	7914	7912	7910	7907	7892	7892	7893	
8065	8058	8051	8061	8059	8062	8067	8078	8066	8082	8084	8080	8062	8054	8051	8031	8015	8028	8019	8026	8086	8186	8283	8302	8275	8288	8328	8372	8389	8394	8374	8369	8362	8352	8267	8176	8181	8189	8191	8186	8199	8197	8195	8190	8212	8239	8211	8185	8163	8189	8208	8188	8194	8170	8087	7996	7972	7972	7965	7958	7953	7948	7939	7944	7957	7966	7945	7943	7937	7935	7929	7923	7921	7912	7903	7907	7905	7885	7888	7885	
8067	8060	8061	8057	8058	8061	8060	8054	8052	8057	8065	8101	8078	8072	8066	8074	8013	8025	8025	8049	8140	8170	8175	8164	8152	8167	8184	8237	8311	8363	8352	8331	8300	8250	8197	8170	8176	8186	8191	8188	8194	8206	8200	8184	8179	8215	8235	8204	8171	8174	8214	8181	8195	8193	8169	8058	7981	7970	7967	7956	7952	7947	7931	7941	7948	7960	7942	7938	7932	7927	7925	7915	7908	7905	7904	7911	7900	7889	7886	7887	
8068	8058	8061	8059	8058	8060	8058	8049	8053	8055	8061	8065	8063	8076	8061	8068	8007	8025	8051	8144	8219	8209	8191	8163	8152	8149	8153	8166	8177	8230	8250	8215	8197	8201	8171	8177	8181	8192	8195	8195	8202	8209	8210	8198	8183	8185	8231	8232	8194	8162	8199	8178	8194	8198	8186	8139	8027	7975	7964	7953	7946	7933	7934	7931	7938	7943	7938	7934	7929	7926	7920	7913	7909	7906	7913	7907	7901	7886	7883	7886	
8067	8059	8063	8059	8055	8063	8059	8054	8051	8055	8056	8057	8061	8067	8060	8054	8006	8026	8134	8233	8249	8223	8220	8202	8179	8167	8161	8153	8154	8164	8164	8175	8191	8185	8174	8185	8193	8199	8205	8201	8208	8214	8215	8201	8188	8180	8187	8217	8208	8163	8159	8175	8191	8201	8187	8162	8098	7982	7959	7955	7943	7939	7925	7929	7936	7940	7934	7933	7929	7923	7917	7910	7909	7913	7914	7907	7904	7888	7885	7887	
8071	8060	8062	8062	8057	8056	8049	8042	8050	8059	8054	8059	8068	8063	8065	8059	8044	8103	8209	8226	8255	8230	8219	8223	8229	8213	8197	8182	8169	8172	8170	8172	8201	8186	8179	8187	8202	8210	8210	8216	8215	8221	8226	8220	8207	8192	8177	8180	8207	8168	8140	8171	8197	8212	8187	8161	8130	8056	7974	7953	7948	7943	7929	7932	7932	7933	7935	7926	7918	7922	7911	7909	7916	7910	7911	7906	7899	7888	7889	7887	
8073	8055	8067	8066	8056	8053	8053	8047	8051	8056	8058	8062	8058	8063	8070	8073	8109	8195	8235	8221	8241	8252	8246	8237	8214	8228	8219	8205	8195	8191	8197	8188	8196	8176	8180	8189	8203	8219	8221	8224	8224	8224	8237	8233	8215	8198	8177	8175	8180	8178	8139	8164	8202	8217	8193	8161	8149	8137	8010	7962	7956	7949	7935	7933	7928	7935	7931	7922	7919	7920	7915	7913	7918	7915	7910	7903	7897	7889	7891	7892	
8074	8057	8064	8063	8058	8053	8050	8046	8054	8058	8058	8059	8059	8066	8078	8115	8184	8222	8253	8236	8226	8232	8257	8267	8233	8202	8199	8195	8185	8190	8198	8201	8200	8175	8180	8189	8210	8231	8236	8233	8231	8225	8233	8225	8217	8198	8171	8167	8169	8159	8148	8165	8211	8221	8191	8166	8159	8163	8077	7986	7961	7945	7937	7932	7926	7926	7929	7922	7921	7920	7922	7921	7919	7919	7913	7907	7897	7890	7894	7891	
8074	8060	8066	8067	8061	8057	8052	8051	8056	8062	8054	8061	8058	8072	8130	8208	8215	8226	8252	8246	8238	8212	8227	8251	8253	8222	8198	8184	8173	8176	8180	8187	8180	8173	8182	8193	8209	8238	8240	8237	8236	8230	8225	8215	8213	8200	8175	8163	8171	8160	8149	8160	8215	8211	8191	8162	8159	8174	8115	8041	7969	7950	7935	7931	7925	7926	7929	7930	7924	7923	7926	7922	7921	7917	7912	7908	7900	7894	7901	7900	
8078	8055	8062	8061	8058	8058	8057	8055	8059	8055	8053	8052	8069	8127	8202	8215	8212	8224	8240	8242	8233	8220	8214	8218	8235	8245	8226	8207	8191	8181	8180	8184	8187	8178	8181	8186	8198	8239	8240	8237	8239	8229	8222	8212	8207	8195	8182	8162	8162	8172	8154	8155	8199	8207	8198	8161	8167	8176	8136	8098	8037	7963	7950	7939	7930	7923	7925	7934	7930	7927	7928	7925	7920	7922	7913	7917	7905	7898	7906	7905	
8078	8061	8063	8061	8061	8065	8063	8058	8052	8053	8056	8058	8109	8208	8216	8212	8208	8221	8233	8241	8235	8224	8209	8207	8215	8232	8239	8231	8218	8203	8184	8185	8190	8188	8179	8180	8191	8225	8249	8237	8237	8230	8216	8207	8202	8194	8180	8164	8153	8172	8177	8153	8168	8205	8213	8158	8163	8171	8133	8115	8096	8008	7945	7942	7936	7927	7929	7940	7934	7929	7927	7926	7924	7923	7918	7918	7914	7906	7905	7905	
8080	8056	8060	8063	8068	8070	8059	8061	8052	8057	8061	8089	8175	8206	8214	8209	8198	8204	8218	8239	8242	8229	8211	8198	8211	8232	8250	8249	8246	8235	8206	8185	8181	8188	8185	8170	8185	8204	8238	8233	8232	8225	8217	8204	8191	8184	8176	8162	8149	8159	8175	8169	8148	8186	8204	8148	8157	8158	8136	8133	8106	8040	7956	7943	7940	7933	7930	7938	7934	7932	7931	7928	7929	7927	7922	7923	7922	7909	7905	7908	
8083	8057	8055	8067	8069	8078	8072	8050	8050	8061	8070	8153	8219	8231	8218	8199	8194	8190	8201	8228	8246	8248	8234	8201	8208	8223	8246	8243	8241	8247	8239	8211	8185	8183	8193	8193	8183	8186	8206	8232	8224	8215	8208	8201	8192	8179	8166	8158	8145	8148	8168	8177	8156	8165	8199	8145	8157	8138	8153	8128	8107	8070	8016	7967	7943	7937	7935	7940	7936	7934	7932	7930	7936	7931	7925	7927	7925	7912	7911	7914	
8085	8054	8057	8074	8067	8091	8092	8065	8059	8061	8082	8206	8266	8282	8251	8207	8180	8180	8191	8208	8242	8256	8248	8203	8201	8221	8240	8241	8234	8239	8242	8233	8207	8185	8185	8190	8192	8182	8183	8219	8228	8215	8203	8196	8194	8182	8162	8156	8142	8145	8161	8170	8159	8174	8213	8144	8143	8123	8128	8119	8106	8069	8055	8043	7999	7951	7944	7939	7940	7935	7940	7935	7936	7933	7925	7926	7923	7909	7918	7920	
8081	8057	8059	8069	8061	8075	8110	8085	8062	8069	8116	8231	8261	8284	8286	8262	8210	8191	8181	8199	8239	8262	8265	8221	8200	8215	8240	8236	8235	8236	8235	8227	8225	8205	8192	8186	8184	8179	8168	8187	8225	8220	8203	8199	8203	8194	8175	8157	8142	8144	8167	8163	8152	8181	8216	8146	8127	8123	8099	8120	8092	8095	8106	8101	8082	7997	7955	7943	7944	7941	7941	7937	7936	7934	7924	7922	7920	7916	7918	7922	
8087	8067	8064	8071	8063	8068	8088	8089	8074	8083	8146	8239	8246	8253	8271	8279	8275	8230	8192	8184	8225	8242	8255	8236	8199	8212	8236	8240	8234	8227	8227	8220	8218	8216	8207	8186	8184	8182	8169	8166	8201	8212	8196	8188	8192	8194	8179	8163	8143	8137	8162	8161	8147	8166	8209	8153	8139	8113	8117	8097	8109	8117	8098	8094	8086	8054	7987	7960	7947	7946	7944	7940	7938	7929	7921	7923	7924	7922	7926	7923	
8090	8059	8070	8074	8069	8072	8074	8079	8080	8081	8158	8248	8249	8237	8244	8266	8280	8274	8228	8176	8204	8233	8250	8240	8204	8203	8221	8238	8237	8226	8227	8226	8216	8214	8219	8198	8180	8175	8174	8160	8171	8203	8204	8182	8175	8170	8170	8165	8152	8141	8137	8158	8158	8175	8212	8171	8152	8115	8107	8114	8116	8097	8110	8113	8101	8087	8060	8020	7960	7954	7945	7938	7938	7934	7928	7925	7928	7923	7931	7931	
8082	8060	8071	8068	8066	8065	8069	8067	8077	8077	8147	8247	8265	8267	8236	8233	8261	8270	8252	8207	8177	8218	8254	8241	8199	8190	8206	8226	8231	8227	8224	8222	8217	8209	8216	8212	8184	8176	8164	8166	8161	8175	8202	8191	8165	8146	8142	8145	8148	8141	8138	8141	8165	8207	8229	8200	8154	8113	8116	8123	8122	8122	8114	8124	8130	8105	8082	8065	7998	7955	7947	7947	7945	7940	7941	7928	7928	7926	7928	7931	
8083	8056	8061	8065	8055	8056	8059	8066	8069	8068	8132	8244	8265	8267	8262	8225	8217	8240	8261	8245	8178	8191	8237	8241	8200	8182	8195	8210	8225	8227	8222	8214	8210	8208	8210	8209	8198	8175	8168	8168	8161	8159	8176	8193	8178	8150	8136	8132	8128	8127	8131	8132	8133	8161	8190	8207	8155	8121	8119	8132	8116	8127	8148	8141	8129	8130	8123	8115	8071	7983	7951	7950	7949	7950	7945	7938	7931	7924	7928	7938	
8078	8058	8062	8066	8055	8051	8057	8063	8069	8061	8111	8227	8259	8269	8267	8254	8233	8213	8244	8275	8220	8175	8202	8226	8213	8188	8187	8202	8214	8223	8219	8214	8206	8201	8205	8205	8200	8188	8171	8164	8167	8157	8158	8181	8185	8156	8136	8151	8151	8154	8156	8162	8149	8138	8147	8184	8160	8131	8142	8127	8126	8155	8123	8147	8167	8162	8163	8156	8124	8068	7981	7954	7956	7956	7949	7948	7935	7927	7936	7937	
8081	8062	8066	8063	8055	8046	8047	8048	8062	8054	8088	8203	8239	8263	8267	8260	8257	8238	8218	8217	8256	8196	8184	8211	8226	8199	8186	8192	8202	8209	8216	8209	8202	8197	8206	8203	8202	8195	8177	8166	8168	8159	8157	8162	8183	8167	8147	8149	8159	8167	8173	8188	8184	8174	8154	8146	8165	8161	8153	8137	8174	8134	8144	8186	8168	8179	8177	8179	8154	8127	8075	7984	7962	7957	7954	7952	7942	7940	7929	7928	
8086	8069	8064	8056	8049	8042	8042	8040	8058	8052	8076	8195	8227	8233	8245	8261	8262	8260	8252	8233	8224	8210	8177	8185	8212	8213	8191	8190	8192	8197	8205	8202	8204	8198	8199	8200	8198	8196	8184	8175	8166	8168	8154	8153	8171	8181	8164	8156	8146	8144	8145	8147	8145	8160	8170	8161	8167	8173	8165	8165	8150	8136	8192	8161	8176	8184	8189	8183	8182	8170	8143	8068	7979	7958	7954	7955	7947	7939	7937	7937	
8085	8068	8061	8057	8048	8040	8040	8035	8047	8052	8066	8169	8226	8244	8226	8222	8231	8232	8230	8231	8239	8229	8202	8179	8198	8220	8199	8185	8185	8186	8192	8196	8197	8198	8198	8195	8195	8188	8183	8175	8170	8161	8164	8158	8155	8173	8186	8186	8169	8145	8127	8126	8137	8166	8167	8155	8147	8164	8176	8170	8155	8175	8182	8163	8182	8191	8195	8192	8193	8204	8211	8168	8056	7971	7956	7954	7950	7941	7938	7938	
8080	8064	8063	8056	8046	8037	8043	8034	8040	8047	8057	8135	8211	8236	8243	8246	8234	8222	8204	8194	8213	8225	8227	8195	8185	8205	8210	8190	8179	8179	8181	8186	8191	8190	8198	8194	8193	8191	8182	8182	8177	8166	8170	8161	8159	8159	8179	8170	8138	8123	8131	8151	8159	8165	8155	8144	8150	8193	8197	8180	8179	8192	8153	8187	8200	8191	8204	8199	8234	8256	8259	8249	8196	8033	7969	7957	7949	7937	7940	7942	
8081	8062	8062	8058	8049	8042	8036	8033	8042	8046	8052	8077	8161	8210	8234	8245	8248	8250	8238	8220	8203	8208	8228	8231	8197	8197	8217	8197	8179	8170	8175	8174	8187	8189	8193	8196	8191	8185	8177	8181	8183	8173	8169	8171	8166	8155	8139	8133	8137	8145	8154	8165	8149	8144	8141	8154	8169	8189	8193	8175	8179	8185	8171	8202	8200	8203	8207	8232	8260	8258	8263	8264	8255	8157	8003	7965	7949	7937	7938	7943	
8087	8071	8071	8062	8052	8045	8042	8038	8042	8046	8048	8054	8114	8176	8180	8188	8205	8220	8229	8229	8217	8208	8209	8209	8216	8201	8213	8203	8185	8179	8169	8167	8171	8183	8193	8192	8191	8189	8174	8176	8175	8168	8160	8150	8150	8137	8135	8143	8156	8153	8154	8153	8139	8143	8144	8143	8137	8149	8161	8162	8161	8169	8178	8216	8202	8218	8207	8258	8265	8264	8260	8269	8277	8243	8118	7988	7961	7948	7942	7940	
8091	8069	8072	8064	8055	8047	8043	8042	8042	8048	8049	8052	8076	8172	8186	8202	8227	8251	8261	8262	8261	8254	8252	8238	8220	8212	8211	8201	8190	8184	8176	8165	8169	8175	8184	8182	8179	8178	8168	8161	8161	8153	8150	8149	8143	8141	8144	8151	8161	8155	8146	8150	8139	8125	8121	8123	8123	8135	8145	8162	8158	8158	8171	8204	8214	8210	8227	8260	8263	8264	8261	8262	8273	8274	8224	8077	7982	7954	7948	7946	
8103	8071	8066	8068	8054	8052	8045	8039	8046	8048	8047	8046	8063	8155	8184	8216	8232	8242	8257	8258	8252	8243	8238	8249	8241	8228	8212	8209	8200	8195	8181	8174	8173	8173	8178	8178	8172	8172	8164	8162	8158	8155	8157	8153	8157	8149	8149	8156	8166	8156	8145	8134	8124	8129	8130	8131	8140	8144	8147	8157	8166	8163	8152	8185	8207	8219	8244	8252	8257	8265	8261	8254	8272	8273	8260	8201	8039	7969	7953	7952	
8130	8066	8068	8066	8057	8053	8048	8039	8046	8053	8052	8050	8054	8131	8199	8232	8240	8253	8246	8244	8247	8245	8235	8226	8222	8216	8213	8212	8207	8205	8194	8189	8184	8186	8193	8185	8181	8174	8164	8162	8166	8173	8172	8169	8169	8174	8168	8165	8150	8133	8126	8135	8131	8138	8152	8166	8179	8184	8191	8193	8192	8175	8162	8173	8196	8216	8250	8254	8247	8254	8254	8249	8263	8273	8264	8234	8157	8002	7953	7960	
