8019	8022	8025	8023	8021	8021	8014	8014	8014	8007	8018	8013	8013	8012	8012	8022	8011	8015	8018	8014	8012	8012	8015	8018	8014	8010	8018	8016	8014	8010	8010	8014	8019	8016	8014	8015	8010	8010	8011	8010	8007	8007	8009	8008	8002	8006	8005	7997	7992	7996	7991	7994	7997	7995	7993	7998	8010	8015	8011	8012	8011	8016	8021	8054	8019	7987	7984	7974	7964	7952	7947	7951	7944	7939	7934	7934	7932	7929	7926	7927	
8024	8020	8024	8026	8018	8019	8017	8013	8012	8015	8018	8016	8019	8016	8020	8017	8013	8013	8018	8014	8013	8011	8016	8016	8009	8011	8016	8016	8014	8011	8018	8027	8033	8028	8031	8026	8020	8018	8014	8009	8010	8011	8005	8007	8004	8003	8001	7996	7997	7999	7994	7995	7995	7996	7994	8006	8011	8017	8015	8016	8014	8015	8023	8024	8010	7990	7993	7982	7976	7964	7954	7956	7948	7945	7944	7940	7936	7927	7930	7923	
8029	8018	8027	8027	8021	8022	8016	8017	8016	8013	8017	8015	8015	8017	8018	8021	8016	8015	8014	8011	8012	8014	8015	8015	8006	8012	8016	8019	8022	8024	8040	8072	8097	8104	8108	8098	8079	8054	8034	8021	8014	8017	8011	8012	8007	8005	7999	7999	7998	8003	7996	7995	7999	7997	7995	8000	8010	8014	8013	8014	8011	8010	8015	8010	8000	7990	7990	7983	7979	7969	7963	7962	7954	7951	7945	7945	7936	7927	7919	7919	
8032	8029	8027	8027	8023	8021	8015	8015	8015	8014	8016	8011	8017	8015	8013	8021	8017	8014	8015	8012	8012	8015	8015	8013	8008	8015	8023	8028	8052	8074	8110	8140	8182	8167	8167	8153	8151	8127	8114	8075	8030	8026	8016	8017	8013	8005	7999	8003	8003	8003	7999	8002	8003	7999	7989	7996	8011	8013	8013	8009	8011	8005	8009	8008	7999	7994	7990	7982	7978	7970	7966	7959	7955	7952	7951	7945	7937	7922	7917	7916	
8034	8029	8029	8028	8022	8019	8014	8017	8016	8019	8016	8013	8015	8017	8017	8020	8020	8014	8014	8012	8016	8017	8019	8016	8013	8020	8037	8073	8113	8135	8144	8176	8202	8187	8181	8169	8162	8176	8191	8157	8108	8056	8030	8024	8017	8008	8007	8008	8004	8004	8001	8003	8000	7997	7995	7996	8008	8013	8012	8010	8010	8010	8010	8010	7999	7994	7988	7983	7981	7978	7968	7958	7959	7952	7946	7942	7939	7917	7908	7915	
8032	8025	8022	8024	8023	8022	8018	8013	8018	8016	8022	8014	8013	8013	8015	8023	8017	8017	8018	8017	8020	8017	8021	8021	8020	8038	8082	8124	8147	8164	8174	8182	8198	8213	8199	8174	8189	8218	8252	8207	8158	8129	8066	8034	8020	8011	8011	8011	8008	8007	8002	8001	7999	7998	7997	7998	8006	8013	8011	8009	8012	8008	8007	8012	8003	7996	7989	7985	7982	7974	7968	7962	7963	7954	7945	7938	7929	7918	7906	7911	
8031	8028	8024	8024	8021	8021	8015	8019	8022	8021	8021	8016	8016	8013	8013	8020	8017	8018	8020	8016	8023	8022	8025	8029	8032	8078	8135	8160	8197	8242	8253	8228	8244	8275	8257	8228	8275	8322	8316	8254	8200	8162	8129	8058	8022	8014	8013	8014	8008	8006	7998	7998	7995	7991	7992	7992	8002	8010	8011	8005	8010	8006	8010	8006	8002	7996	7988	7982	7977	7971	7969	7965	7958	7951	7945	7939	7930	7909	7898	7893	
8030	8027	8031	8026	8022	8024	8020	8017	8018	8019	8023	8015	8014	8019	8016	8021	8018	8018	8021	8018	8019	8025	8029	8036	8065	8137	8174	8243	8308	8339	8357	8325	8327	8368	8335	8318	8356	8389	8391	8367	8292	8186	8161	8119	8044	8022	8019	8011	8006	8006	8000	8001	7997	7994	7990	7990	7999	8008	8008	8005	8007	8004	8001	7999	7996	7995	7984	7983	7979	7970	7969	7965	7957	7945	7941	7937	7927	7901	7887	7893	
8027	8027	8027	8025	8024	8021	8020	8020	8021	8021	8020	8015	8018	8022	8022	8025	8021	8018	8023	8022	8024	8021	8029	8047	8119	8188	8257	8320	8381	8392	8393	8398	8414	8419	8407	8402	8406	8409	8411	8407	8354	8246	8188	8160	8089	8028	8015	8010	8007	8009	8001	8000	7999	7998	7996	7990	7998	8005	8006	8002	8003	8003	7995	7997	7993	7990	7985	7976	7975	7973	7967	7962	7952	7943	7935	7926	7919	7893	7884	7890	
8028	8029	8028	8025	8021	8023	8026	8026	8028	8024	8020	8019	8020	8020	8019	8022	8019	8018	8024	8022	8021	8024	8032	8074	8162	8275	8371	8378	8394	8400	8399	8408	8418	8425	8424	8425	8419	8412	8409	8411	8387	8326	8259	8186	8132	8042	8015	8007	8003	8001	7998	7992	7992	7993	7990	7984	7987	8000	8004	7996	7999	7994	7995	7988	7994	7988	7985	7974	7975	7969	7966	7949	7951	7944	7932	7920	7910	7889	7890	7889	
8029	8026	8028	8026	8024	8024	8024	8026	8027	8027	8023	8020	8022	8025	8016	8024	8021	8020	8022	8023	8023	8025	8040	8108	8202	8311	8391	8387	8393	8395	8389	8398	8414	8418	8416	8414	8412	8402	8395	8397	8404	8390	8333	8222	8160	8060	8017	8012	8005	8001	7996	7993	7991	7988	7984	7981	7985	7997	7997	7993	7993	7991	7988	7988	7986	7986	7984	7972	7975	7970	7963	7953	7941	7933	7929	7917	7906	7888	7889	7890	
8028	8020	8029	8024	8020	8022	8030	8025	8028	8025	8024	8022	8022	8024	8018	8024	8022	8020	8020	8022	8024	8022	8042	8127	8226	8334	8385	8379	8369	8355	8343	8369	8395	8407	8406	8405	8390	8376	8360	8368	8388	8402	8376	8265	8175	8068	8021	8015	8005	8001	7995	7994	7996	7992	7989	7985	7986	7993	7997	7989	7992	7991	7986	7982	7983	7985	7985	7974	7967	7963	7960	7951	7937	7922	7912	7906	7904	7889	7885	7885	
8029	8019	8020	8023	8022	8023	8025	8024	8024	8023	8024	8022	8018	8022	8023	8023	8022	8024	8022	8023	8025	8024	8042	8131	8237	8340	8369	8317	8257	8229	8229	8258	8332	8381	8394	8392	8348	8295	8267	8274	8306	8361	8381	8294	8178	8058	8024	8019	8009	8006	7997	8000	7996	7997	7990	7988	7985	7991	7990	7987	7984	7984	7986	7980	7983	7981	7982	7973	7964	7960	7956	7942	7928	7919	7912	7904	7900	7888	7883	7881	
8024	8031	8027	8027	8027	8026	8024	8026	8026	8025	8030	8023	8022	8029	8020	8024	8022	8021	8022	8023	8022	8025	8046	8133	8238	8329	8276	8157	8125	8128	8126	8142	8176	8282	8340	8333	8240	8182	8154	8153	8168	8210	8309	8299	8177	8055	8025	8019	8012	8007	8004	8004	8003	8000	7992	7986	7986	7987	7985	7984	7980	7983	7984	7977	7980	7980	7979	7969	7960	7957	7952	7936	7923	7910	7910	7903	7894	7885	7882	7881	
8031	8028	8029	8032	8029	8029	8022	8027	8029	8032	8029	8027	8030	8035	8034	8030	8022	8024	8023	8021	8021	8021	8040	8128	8237	8289	8212	8123	8118	8123	8124	8130	8146	8212	8293	8290	8184	8158	8146	8139	8144	8149	8189	8251	8169	8058	8024	8020	8013	8011	8006	8003	7999	7999	7991	7986	7980	7979	7981	7980	7979	7984	7978	7972	7971	7975	7977	7964	7954	7951	7943	7929	7921	7912	7909	7905	7892	7881	7878	7879	
8030	8030	8044	8053	8049	8033	8021	8029	8034	8035	8029	8035	8060	8096	8086	8075	8042	8031	8021	8017	8021	8026	8037	8120	8232	8311	8278	8136	8124	8127	8131	8146	8165	8225	8302	8299	8206	8175	8156	8147	8145	8151	8204	8242	8157	8047	8027	8020	8014	8011	8004	8008	8003	7998	7989	7980	7974	7976	7977	7984	7981	7981	7978	7970	7968	7973	7973	7960	7953	7942	7938	7928	7922	7911	7904	7897	7889	7885	7881	7888	
8025	8047	8081	8093	8092	8091	8074	8058	8049	8061	8067	8097	8106	8106	8103	8109	8110	8080	8041	8027	8026	8034	8049	8123	8238	8339	8346	8205	8167	8166	8171	8187	8228	8296	8332	8334	8282	8206	8186	8173	8173	8185	8262	8285	8151	8045	8023	8019	8013	8011	8007	8005	8001	7995	7985	7981	7977	7972	7964	7976	7976	7976	7973	7973	7964	7969	7969	7959	7947	7942	7934	7926	7917	7907	7900	7895	7889	7885	7881	7879	
8027	8073	8102	8089	8076	8081	8099	8124	8108	8112	8135	8161	8139	8108	8089	8094	8107	8116	8061	8027	8035	8041	8049	8114	8242	8348	8368	8351	8326	8319	8320	8335	8349	8337	8338	8347	8352	8332	8296	8286	8280	8297	8341	8302	8126	8026	8016	8015	8012	8009	8007	8004	7996	7991	7983	7979	7978	7937	7930	7970	7974	7970	7971	7970	7965	7965	7963	7955	7943	7934	7930	7921	7919	7903	7896	7894	7892	7888	7878	7881	
8020	8050	8092	8090	8077	8087	8119	8168	8172	8176	8219	8223	8219	8193	8131	8118	8105	8081	8046	8023	8008	8012	8025	8110	8245	8349	8364	8374	8381	8383	8388	8393	8364	8351	8342	8356	8361	8383	8378	8379	8375	8362	8354	8313	8144	8007	7993	7991	7987	7997	8000	7995	7995	7987	7978	7973	7959	7905	7895	7968	7966	7968	7966	7966	7964	7966	7958	7953	7941	7930	7926	7922	7913	7904	7899	7897	7891	7886	7886	7888	
8018	8024	8046	8060	8065	8082	8100	8131	8138	8147	8185	8211	8211	8191	8133	8110	8087	8075	8051	8027	8014	8021	8025	8111	8239	8342	8366	8375	8378	8387	8392	8392	8383	8358	8356	8358	8372	8387	8388	8382	8385	8372	8354	8308	8162	7993	7967	7961	7950	7964	7984	7993	7989	7980	7975	7957	7949	7897	7887	7962	7967	7968	7966	7960	7960	7962	7955	7948	7939	7926	7923	7920	7912	7905	7899	7902	7895	7893	7888	7892	
8008	8005	8026	8031	8029	8031	8036	8045	8056	8059	8088	8129	8151	8139	8102	8093	8098	8122	8091	8040	8023	8027	8029	8085	8213	8332	8365	8377	8384	8382	8390	8385	8369	8341	8342	8334	8342	8372	8381	8379	8381	8379	8359	8297	8130	8013	7984	7958	7930	7936	7967	7970	7968	7967	7959	7941	7924	7885	7877	7960	7965	7971	7966	7956	7958	7954	7954	7947	7937	7927	7922	7916	7911	7904	7905	7903	7898	7896	7894	7892	
8018	8020	8026	8028	8028	8027	8019	8021	8029	8025	8035	8043	8065	8083	8085	8095	8096	8107	8075	8033	8022	8027	8026	8048	8173	8299	8367	8381	8384	8382	8369	8353	8325	8325	8360	8354	8317	8314	8342	8374	8381	8376	8362	8265	8083	8005	7996	7982	7959	7943	7962	7954	7953	7946	7943	7939	7926	7901	7866	7949	7965	7965	7967	7956	7953	7950	7953	7950	7942	7929	7923	7915	7907	7908	7908	7904	7899	7899	7893	7894	
8031	8030	8036	8028	8027	8031	8022	8026	8023	8025	8027	8030	8033	8040	8039	8044	8044	8036	8030	8023	8023	8024	8025	8043	8120	8271	8339	8378	8386	8375	8335	8347	8368	8371	8376	8380	8374	8359	8322	8344	8379	8378	8348	8224	8051	8006	7989	7970	7952	7966	7971	7967	7956	7946	7943	7938	7937	7918	7893	7948	7956	7962	7960	7957	7956	7953	7948	7949	7944	7928	7923	7914	7914	7910	7911	7904	7899	7898	7893	7897	
8036	8030	8034	8032	8030	8041	8036	8033	8032	8029	8031	8026	8026	8032	8029	8028	8018	8024	8028	8024	8021	8023	8021	8035	8094	8250	8322	8361	8374	8362	8357	8398	8388	8374	8370	8376	8385	8402	8377	8356	8379	8380	8334	8189	8040	8019	8003	7985	7984	7980	7971	7969	7965	7959	7954	7948	7935	7923	7923	7946	7954	7960	7962	7951	7956	7950	7949	7943	7937	7932	7923	7918	7916	7910	7912	7908	7900	7902	7897	7898	
8032	8034	8036	8029	8028	8039	8040	8038	8046	8041	8038	8036	8034	8032	8027	8028	8018	8020	8026	8026	8028	8028	8025	8031	8075	8216	8311	8342	8358	8370	8383	8402	8392	8360	8354	8357	8361	8395	8396	8370	8374	8356	8288	8150	8032	8019	8012	8015	8012	8000	7993	7987	7978	7975	7968	7960	7950	7940	7940	7943	7954	7954	7955	7948	7952	7946	7940	7938	7937	7934	7924	7918	7913	7914	7909	7907	7904	7895	7892	7891	
8036	8037	8034	8033	8037	8073	8080	8091	8096	8102	8107	8102	8083	8050	8031	8033	8023	8020	8029	8028	8028	8030	8035	8034	8053	8150	8286	8315	8349	8366	8382	8406	8389	8351	8342	8343	8350	8379	8393	8383	8369	8330	8253	8110	8024	8018	8013	8013	8010	8013	8010	8005	7998	7992	7989	7984	7970	7970	7962	7965	7954	7952	7950	7947	7946	7942	7942	7936	7934	7933	7930	7921	7917	7917	7914	7909	7906	7892	7889	7884	
8035	8036	8039	8042	8058	8101	8117	8122	8129	8126	8140	8141	8127	8075	8042	8039	8032	8028	8033	8031	8032	8034	8035	8042	8043	8090	8230	8291	8333	8358	8353	8383	8368	8348	8346	8342	8355	8375	8368	8356	8350	8298	8215	8066	8015	8008	8005	8011	8000	7999	7988	7988	7991	7989	7988	7988	7988	7986	7984	7975	7956	7948	7948	7944	7940	7939	7939	7934	7935	7931	7929	7923	7924	7918	7911	7908	7898	7891	7881	7884	
8034	8032	8039	8045	8079	8197	8253	8236	8265	8269	8281	8295	8323	8122	8065	8057	8036	8033	8035	8027	8029	8035	8035	8032	8029	8039	8148	8265	8308	8337	8321	8325	8324	8318	8330	8337	8317	8320	8325	8323	8316	8258	8145	8031	8009	8004	8002	8004	8001	7995	7988	7987	7991	7988	7990	7989	7985	7977	7971	7965	7948	7946	7944	7943	7941	7936	7934	7932	7930	7926	7924	7925	7924	7920	7912	7901	7899	7885	7879	7879	
8023	8025	8029	8035	8061	8153	8221	8213	8219	8212	8197	8181	8163	8112	8067	8058	8039	8033	8031	8030	8029	8029	8031	8033	8029	8027	8080	8223	8284	8304	8285	8280	8285	8282	8313	8309	8290	8283	8282	8284	8271	8196	8071	8022	8008	8002	8004	8001	7994	7992	7985	7983	7978	7978	7971	7971	7972	7967	7952	7939	7944	7947	7946	7943	7944	7935	7933	7927	7925	7924	7925	7925	7919	7912	7907	7898	7888	7879	7877	7876	
8015	8013	8013	8011	8020	8047	8082	8089	8090	8081	8071	8063	8059	8059	8042	8042	8035	8031	8031	8026	8023	8024	8022	8025	8015	8013	8048	8209	8305	8296	8273	8255	8262	8272	8280	8278	8270	8259	8262	8266	8243	8127	8035	8015	8011	8003	7999	7997	7992	7987	7986	7982	7983	7982	7976	7973	7972	7973	7952	7925	7932	7942	7946	7942	7940	7936	7931	7934	7929	7924	7926	7922	7918	7908	7900	7890	7880	7873	7864	7872	
7979	7944	7943	7941	7953	7995	8012	8027	8032	8032	8028	8022	8026	8029	8030	8029	8028	8026	8031	8026	8022	8019	8013	8012	8008	8006	8042	8196	8358	8372	8335	8270	8260	8270	8269	8254	8253	8264	8282	8316	8299	8119	8044	8027	8011	8007	8004	8000	7994	7991	7985	7985	7983	7984	7978	7979	7968	7963	7935	7885	7913	7942	7946	7944	7939	7932	7928	7928	7927	7919	7923	7919	7914	7906	7896	7887	7882	7871	7868	7866	
8006	7988	7986	7985	7990	8000	8015	8021	8026	8026	8028	8026	8024	8029	8026	8030	8028	8027	8031	8025	8025	8019	8010	8010	8008	8011	8040	8173	8365	8394	8391	8372	8351	8352	8338	8308	8311	8353	8378	8382	8342	8171	8103	8062	8030	8017	8013	8007	7996	7992	7987	7986	7983	7989	7983	7977	7971	7964	7951	7936	7935	7942	7945	7938	7938	7931	7929	7925	7923	7921	7919	7913	7908	7898	7894	7888	7879	7871	7868	7867	
8025	8023	8028	8032	8025	8029	8026	8026	8026	8024	8026	8021	8021	8025	8025	8028	8023	8030	8024	8027	8024	8022	8009	8002	8008	8020	8048	8166	8369	8396	8402	8402	8404	8402	8396	8385	8388	8394	8391	8392	8358	8241	8172	8079	8035	8022	8011	8006	7998	7996	7986	7989	7991	7990	7982	7981	7974	7960	7948	7944	7940	7941	7940	7939	7936	7929	7929	7926	7925	7922	7920	7912	7903	7897	7895	7889	7884	7872	7869	7870	
8026	8033	8036	8030	8027	8032	8033	8031	8026	8026	8023	8018	8021	8021	8027	8027	8025	8029	8029	8030	8027	8020	8008	8000	8012	8056	8131	8262	8374	8392	8402	8404	8403	8405	8401	8399	8400	8395	8390	8378	8365	8308	8206	8136	8068	8038	8017	8012	8006	7999	7995	7997	7994	7992	7988	7978	7958	7957	7941	7935	7933	7937	7935	7936	7932	7928	7924	7923	7923	7921	7919	7907	7899	7893	7891	7892	7883	7875	7871	7869	
8035	8029	8039	8039	8035	8037	8035	8035	8027	8024	8025	8024	8024	8031	8027	8032	8030	8032	8030	8030	8027	8026	8018	8007	8065	8181	8313	8368	8382	8389	8399	8402	8401	8403	8401	8401	8399	8397	8393	8376	8367	8334	8240	8226	8211	8158	8093	8062	8037	8020	8006	7998	7989	7980	7972	7960	7956	7991	7962	7936	7934	7929	7933	7932	7929	7927	7925	7921	7918	7919	7910	7906	7900	7894	7896	7894	7882	7874	7872	7873	
8033	8039	8044	8048	8049	8052	8030	8019	8016	8016	8025	8028	8037	8045	8045	8053	8046	8034	8031	8035	8041	8046	8054	8117	8219	8255	8328	8378	8380	8386	8402	8401	8402	8401	8401	8397	8400	8397	8390	8375	8368	8333	8250	8244	8265	8252	8257	8232	8174	8107	8059	8028	8000	7985	7973	7966	7957	7958	7952	7938	7934	7932	7926	7927	7929	7927	7920	7918	7918	7916	7914	7905	7901	7898	7896	7896	7887	7878	7877	7874	
8040	8052	8062	8061	8060	8053	7999	7977	7983	7992	8016	8047	8105	8124	8137	8149	8115	8042	8042	8053	8075	8135	8211	8273	8278	8263	8292	8364	8382	8391	8406	8400	8395	8395	8399	8398	8394	8390	8378	8366	8358	8296	8243	8260	8270	8257	8281	8294	8286	8265	8243	8204	8130	8053	7996	7974	7955	7951	7948	7939	7936	7928	7926	7926	7926	7924	7921	7920	7914	7910	7911	7910	7903	7897	7896	7896	7888	7878	7876	7879	
8054	8120	8152	8138	8127	8120	8051	8037	8039	8027	8028	8041	8068	8056	8050	8065	8071	8077	8118	8175	8252	8289	8284	8290	8300	8271	8269	8283	8345	8380	8403	8408	8395	8393	8395	8397	8393	8377	8367	8345	8294	8256	8268	8302	8277	8258	8279	8299	8296	8287	8282	8305	8287	8253	8140	8008	7972	7956	7953	7939	7929	7927	7929	7924	7925	7923	7921	7914	7910	7910	7912	7910	7904	7902	7900	7891	7889	7881	7879	7878	
8033	8033	8028	8005	8017	8031	8048	8078	8085	8029	8025	8025	8016	8026	8061	8119	8189	8231	8270	8303	8308	8313	8303	8293	8292	8300	8263	8251	8249	8296	8353	8382	8386	8379	8379	8379	8368	8336	8305	8255	8237	8251	8308	8321	8288	8275	8281	8298	8284	8274	8284	8302	8292	8298	8269	8176	8025	7965	7948	7949	7955	7940	7925	7923	7923	7920	7920	7915	7917	7913	7915	7911	7908	7905	7900	7896	7889	7882	7882	7884	
8029	8027	8029	8010	8023	8035	8090	8198	8118	8036	8023	8025	8038	8084	8217	8320	8337	8302	8288	8307	8321	8320	8315	8296	8289	8314	8322	8266	8225	8226	8232	8260	8291	8294	8292	8275	8243	8223	8209	8209	8241	8298	8325	8318	8299	8280	8274	8286	8270	8261	8291	8290	8281	8290	8271	8235	8144	8011	7955	7938	7933	7922	7923	7926	7922	7919	7920	7918	7916	7921	7921	7918	7910	7903	7903	7894	7892	7889	7882	7886	
8028	8026	8034	8030	8036	8053	8068	8099	8081	8041	8044	8049	8117	8265	8330	8358	8341	8335	8301	8291	8320	8319	8317	8316	8311	8316	8343	8334	8287	8244	8213	8202	8196	8188	8190	8193	8190	8195	8220	8250	8281	8321	8324	8317	8301	8273	8267	8278	8250	8253	8285	8261	8250	8282	8253	8224	8162	8091	7968	7943	7924	7917	7924	7924	7925	7919	7919	7918	7918	7921	7922	7920	7912	7905	7902	7902	7892	7890	7886	7895	
8037	8033	8036	8037	8041	8054	8068	8065	8056	8045	8069	8108	8246	8322	8308	8354	8337	8332	8329	8284	8301	8314	8310	8313	8323	8329	8331	8331	8324	8308	8285	8258	8229	8211	8215	8224	8237	8255	8275	8288	8312	8321	8313	8300	8288	8261	8256	8262	8239	8245	8264	8241	8232	8269	8240	8201	8153	8169	8017	7944	7921	7916	7923	7928	7929	7921	7919	7920	7919	7919	7925	7922	7913	7908	7908	7903	7898	7897	7889	7891	
8036	8031	8039	8038	8050	8056	8080	8125	8074	8058	8119	8202	8261	8308	8302	8343	8329	8315	8318	8296	8277	8296	8299	8294	8297	8316	8317	8304	8312	8312	8312	8300	8274	8260	8259	8262	8273	8296	8315	8320	8317	8304	8295	8290	8278	8257	8250	8252	8231	8245	8250	8232	8224	8249	8236	8174	8151	8184	8114	7959	7922	7918	7923	7948	7958	7925	7925	7922	7923	7922	7927	7925	7921	7913	7910	7909	7901	7900	7899	7899	
8038	8035	8039	8040	8045	8053	8049	8050	8079	8092	8135	8224	8228	8271	8289	8342	8319	8302	8289	8302	8269	8280	8292	8282	8277	8287	8296	8284	8285	8291	8305	8302	8289	8273	8277	8286	8296	8303	8315	8309	8301	8286	8279	8275	8267	8254	8240	8238	8231	8249	8249	8223	8213	8234	8233	8158	8152	8194	8167	8019	7928	7918	7926	7953	7968	7926	7927	7925	7925	7925	7929	7925	7925	7916	7911	7909	7903	7899	7900	7899	
8043	8040	8044	8043	8049	8053	8047	8046	8057	8079	8210	8282	8234	8234	8268	8332	8318	8304	8282	8292	8271	8264	8277	8281	8265	8265	8281	8276	8273	8272	8284	8294	8294	8282	8274	8279	8286	8289	8295	8288	8280	8267	8264	8263	8260	8250	8229	8218	8227	8256	8251	8223	8215	8224	8233	8150	8153	8191	8163	8099	7945	7925	7922	7940	7970	7932	7931	7930	7926	7928	7926	7931	7925	7920	7917	7910	7907	7905	7904	7906	
8045	8042	8047	8044	8047	8051	8048	8047	8058	8120	8257	8293	8295	8220	8246	8317	8324	8307	8283	8286	8283	8259	8263	8275	8258	8251	8259	8268	8269	8265	8263	8276	8287	8288	8275	8274	8271	8269	8266	8260	8254	8251	8245	8244	8249	8245	8219	8208	8217	8252	8245	8223	8218	8207	8220	8151	8152	8180	8171	8163	8004	7937	7929	7954	7985	7939	7936	7925	7926	7923	7929	7929	7926	7920	7916	7913	7911	7911	7909	7909	
8045	8043	8048	8044	8040	8046	8043	8051	8070	8197	8274	8278	8315	8238	8222	8296	8321	8320	8292	8284	8295	8265	8254	8265	8255	8247	8248	8261	8263	8262	8256	8250	8265	8274	8269	8265	8259	8255	8248	8247	8241	8242	8235	8234	8237	8230	8209	8202	8210	8238	8241	8230	8220	8198	8213	8152	8154	8183	8187	8187	8081	7946	7931	7954	8012	7945	7938	7931	7929	7929	7928	7927	7930	7923	7918	7912	7914	7912	7911	7914	
8045	8041	8043	8043	8038	8041	8036	8042	8091	8252	8289	8275	8290	8278	8210	8275	8324	8330	8297	8285	8296	8274	8240	8254	8256	8250	8246	8253	8257	8261	8257	8249	8251	8249	8250	8257	8245	8244	8242	8233	8234	8231	8223	8224	8225	8221	8208	8200	8208	8228	8223	8217	8220	8196	8191	8157	8167	8186	8190	8185	8134	8001	7933	7953	8019	7953	7941	7930	7928	7931	7927	7927	7928	7924	7922	7919	7916	7912	7906	7912	
8044	8042	8042	8040	8037	8038	8041	8048	8145	8277	8299	8287	8283	8284	8213	8253	8315	8327	8307	8286	8301	8286	8240	8238	8249	8250	8249	8242	8248	8254	8255	8253	8245	8239	8232	8235	8230	8228	8229	8224	8230	8227	8218	8217	8218	8212	8206	8201	8202	8218	8216	8217	8215	8188	8175	8160	8177	8188	8185	8174	8167	8079	7944	7945	8007	7958	7943	7937	7931	7930	7929	7931	7925	7923	7926	7922	7918	7915	7916	7911	
8043	8036	8041	8042	8037	8037	8039	8058	8201	8285	8286	8285	8284	8283	8218	8230	8296	8326	8305	8287	8308	8281	8238	8231	8241	8248	8247	8236	8233	8239	8245	8245	8243	8234	8223	8218	8219	8223	8222	8221	8225	8219	8211	8209	8207	8205	8205	8207	8206	8208	8212	8222	8213	8178	8169	8170	8185	8186	8176	8162	8169	8129	7982	7949	7966	7963	7946	7936	7935	7934	7933	7930	7928	7928	7927	7922	7916	7910	7915	7916	
8042	8038	8044	8043	8037	8039	8045	8080	8240	8293	8293	8271	8262	8269	8221	8207	8275	8302	8301	8283	8303	8274	8240	8231	8232	8242	8244	8239	8237	8236	8235	8240	8241	8236	8226	8215	8213	8219	8217	8216	8213	8215	8212	8208	8206	8201	8203	8207	8202	8205	8208	8216	8215	8178	8168	8175	8193	8184	8175	8180	8172	8152	8071	7961	7967	7971	7946	7940	7937	7934	7933	7934	7927	7929	7928	7924	7922	7914	7908	7918	
8041	8040	8044	8044	8046	8041	8042	8116	8258	8288	8294	8288	8268	8249	8216	8190	8235	8278	8282	8269	8287	8272	8242	8236	8229	8238	8246	8242	8240	8241	8229	8226	8230	8228	8228	8224	8212	8216	8212	8211	8208	8203	8213	8211	8205	8196	8197	8202	8201	8205	8203	8210	8210	8177	8162	8187	8201	8182	8184	8192	8175	8167	8122	7990	7974	7972	7951	7944	7940	7934	7933	7937	7930	7922	7926	7925	7920	7911	7911	7913	
8041	8045	8046	8049	8050	8039	8050	8161	8266	8287	8287	8271	8270	8267	8225	8186	8209	8255	8261	8251	8266	8272	8242	8239	8232	8233	8248	8246	8246	8237	8221	8218	8222	8217	8222	8224	8223	8219	8212	8212	8200	8201	8206	8208	8205	8190	8199	8198	8196	8196	8194	8201	8200	8177	8172	8220	8215	8187	8191	8182	8179	8182	8149	8053	7974	7971	7955	7948	7942	7935	7935	7932	7932	7927	7925	7926	7921	7915	7913	7914	
8041	8047	8061	8058	8045	8040	8056	8204	8267	8280	8279	8268	8262	8263	8230	8185	8198	8237	8248	8234	8250	8260	8244	8243	8234	8235	8244	8250	8254	8243	8217	8211	8213	8214	8212	8225	8228	8227	8216	8205	8199	8200	8206	8206	8199	8195	8196	8194	8187	8190	8185	8187	8191	8175	8167	8218	8222	8188	8184	8192	8193	8188	8151	8105	7995	7975	7955	7946	7942	7937	7936	7933	7932	7925	7927	7924	7921	7913	7911	7912	
8040	8039	8069	8084	8049	8043	8084	8220	8267	8277	8288	8258	8264	8263	8237	8183	8185	8224	8233	8225	8240	8252	8247	8242	8236	8233	8239	8245	8252	8243	8219	8208	8210	8211	8212	8218	8225	8239	8225	8207	8201	8206	8196	8197	8194	8191	8193	8192	8182	8187	8183	8180	8175	8171	8169	8220	8229	8179	8176	8195	8192	8183	8153	8132	8039	7967	7952	7942	7935	7931	7927	7928	7924	7923	7924	7920	7914	7908	7912	7909	
8037	8042	8072	8090	8059	8054	8114	8221	8268	8267	8291	8271	8254	8267	8244	8186	8189	8209	8222	8224	8243	8251	8242	8248	8240	8239	8238	8239	8242	8243	8224	8209	8212	8210	8208	8214	8218	8241	8233	8214	8205	8201	8198	8195	8195	8199	8194	8187	8182	8180	8179	8178	8171	8166	8168	8216	8234	8182	8189	8201	8196	8184	8162	8139	8091	7985	7960	7942	7936	7927	7924	7923	7923	7923	7917	7918	7908	7904	7906	7909	
8045	8049	8070	8086	8073	8068	8164	8226	8259	8264	8279	8286	8254	8255	8260	8205	8190	8209	8214	8217	8245	8245	8241	8248	8241	8238	8241	8238	8243	8239	8230	8215	8208	8204	8204	8209	8208	8233	8237	8214	8208	8199	8194	8189	8197	8198	8195	8196	8184	8186	8173	8177	8175	8166	8169	8224	8238	8192	8195	8203	8210	8204	8177	8151	8116	8046	7967	7942	7938	7928	7930	7925	7924	7920	7915	7915	7909	7903	7905	7905	
8055	8060	8068	8079	8076	8090	8203	8242	8255	8275	8269	8281	8267	8247	8260	8224	8193	8205	8208	8225	8252	8246	8239	8252	8242	8235	8242	8235	8240	8245	8233	8219	8215	8211	8204	8209	8210	8234	8239	8218	8210	8201	8193	8189	8199	8198	8195	8195	8187	8193	8177	8173	8173	8175	8171	8227	8229	8193	8195	8209	8208	8199	8181	8156	8128	8091	7994	7943	7937	7931	7929	7922	7923	7920	7919	7914	7908	7913	7909	7910	
8060	8055	8062	8076	8080	8121	8220	8247	8256	8276	8276	8276	8284	8254	8250	8248	8200	8206	8209	8231	8252	8237	8242	8254	8246	8235	8239	8240	8240	8246	8237	8225	8218	8211	8207	8218	8225	8243	8242	8221	8213	8206	8197	8189	8198	8201	8198	8196	8191	8196	8184	8179	8173	8175	8187	8231	8231	8203	8202	8209	8208	8199	8177	8162	8136	8117	8045	7952	7938	7930	7930	7926	7920	7919	7918	7908	7909	7903	7908	7904	
8076	8036	8056	8063	8074	8151	8229	8250	8263	8275	8289	8286	8301	8267	8251	8259	8207	8201	8206	8229	8240	8232	8242	8252	8244	8236	8239	8243	8238	8241	8244	8235	8221	8222	8223	8225	8234	8247	8243	8223	8211	8219	8203	8192	8196	8205	8199	8196	8188	8184	8180	8181	8174	8176	8188	8227	8218	8203	8195	8210	8206	8202	8184	8162	8138	8132	8095	7976	7945	7935	7931	7926	7922	7918	7915	7905	7905	7900	7909	7907	
