8032	8021	8018	8017	8012	8012	8011	8009	8008	8010	8004	8003	8004	8005	8008	8003	8007	8006	8007	8008	8008	8014	8065	8083	8087	8089	8100	8099	8046	8009	8001	8011	8031	8048	8065	8077	8075	8082	8111	8099	8097	8101	8117	8150	8148	8119	8107	8091	8085	8037	8002	8004	8000	8001	8005	8009	8014	8021	8015	8004	7998	7987	7984	7979	7972	7972	7971	7963	7951	7941	7939	7939	7929	7930	7927	7930	7925	7939	7921	7921	
8036	8024	8017	8015	8018	8014	8011	8007	8004	8010	8008	8007	8010	8005	8006	8003	8005	8008	8006	8013	8006	8031	8081	8090	8072	8071	8089	8087	8043	8030	8020	8026	8038	8040	8057	8073	8074	8114	8150	8133	8139	8161	8222	8238	8219	8200	8180	8135	8122	8068	8014	8005	8003	8009	8015	8028	8065	8093	8051	8014	7997	7987	7984	7982	7975	7967	7965	7953	7949	7944	7943	7944	7937	7934	7927	7931	7929	7921	7915	7915	
8037	8025	8019	8014	8018	8013	8010	8005	8006	8008	8007	8007	8008	8015	8007	8005	8011	8009	8006	8010	8027	8080	8111	8110	8121	8095	8093	8071	8075	8084	8043	8031	8045	8051	8060	8077	8087	8144	8180	8193	8194	8273	8315	8319	8308	8313	8315	8243	8175	8113	8038	8021	8019	8023	8034	8048	8113	8138	8049	8007	8006	7994	7992	7982	7964	7959	7955	7952	7951	7950	7945	7943	7936	7927	7920	7926	7922	7911	7904	7897	
8035	8031	8020	8020	8020	8012	8009	8011	8010	8008	8005	8006	8009	8014	8011	8014	8005	8006	8010	8028	8061	8127	8191	8208	8189	8124	8097	8084	8087	8107	8045	8038	8057	8073	8072	8095	8140	8184	8250	8297	8284	8363	8356	8355	8358	8369	8374	8330	8245	8167	8084	8045	8037	8038	8029	8066	8147	8079	8021	7999	8077	8022	7991	7976	7958	7958	7957	7956	7951	7952	7943	7942	7931	7930	7925	7922	7913	7910	7897	7900	
8041	8028	8025	8023	8016	8011	8007	8006	8007	8017	8008	8009	8013	8015	8017	8025	8028	8043	8059	8070	8108	8184	8215	8210	8179	8123	8058	8071	8065	8034	8031	8051	8073	8086	8092	8117	8173	8250	8340	8381	8375	8391	8379	8370	8361	8359	8359	8351	8335	8217	8137	8076	8029	8047	8070	8088	8089	8039	8000	7999	8021	7989	7985	7974	7966	7963	7961	7958	7953	7946	7941	7937	7935	7921	7922	7920	7913	7904	7896	7891	
8046	8022	8027	8018	8017	8007	8005	8006	8009	8009	8010	8010	8018	8021	8048	8061	8073	8082	8111	8147	8148	8149	8153	8150	8113	8076	8052	8039	8019	8009	8027	8062	8068	8076	8091	8138	8222	8347	8382	8396	8394	8393	8390	8382	8365	8347	8342	8347	8348	8281	8183	8072	8077	8109	8112	8083	8026	8007	8002	7992	7984	7978	7983	7978	7969	7964	7958	7956	7953	7951	7946	7938	7935	7926	7924	7914	7906	7896	7886	7891	
8042	8024	8019	8017	8012	8009	8000	8007	8007	8010	8014	8008	8014	8038	8074	8074	8065	8065	8120	8132	8091	8056	8044	8045	8035	8024	8017	8017	8008	8012	8033	8066	8063	8070	8105	8178	8322	8394	8386	8378	8384	8388	8383	8384	8376	8366	8359	8357	8353	8306	8225	8129	8089	8093	8031	8013	8008	8006	8000	7992	7985	7982	7982	7975	7965	7963	7958	7958	7954	7950	7947	7939	7933	7927	7922	7921	7906	7893	7886	7884	
8044	8025	8024	8015	8012	8008	8008	8007	8008	8009	8005	8007	8017	8060	8075	8051	8058	8064	8057	8036	8032	8019	8013	8017	8021	8008	8012	8017	8017	8019	8030	8069	8065	8074	8126	8237	8362	8393	8369	8361	8370	8384	8385	8370	8378	8386	8368	8351	8332	8310	8257	8143	8046	8015	8011	8012	8006	8003	7994	7991	8000	7984	7982	7971	7957	7959	7957	7955	7955	7950	7945	7943	7934	7923	7918	7914	7903	7887	7872	7882	
8036	8025	8019	8015	8013	8014	8010	8009	8008	8005	7991	7996	8017	8050	8051	8041	8033	8017	8008	8010	8007	8008	8010	8013	8020	8023	8026	8032	8025	8022	8036	8071	8076	8092	8157	8248	8353	8389	8359	8350	8345	8377	8385	8333	8306	8336	8354	8340	8323	8297	8282	8179	8035	8011	8012	8008	8004	8000	7991	7988	7985	7982	7974	7967	7962	7959	7960	7954	7951	7948	7946	7944	7932	7924	7905	7902	7899	7883	7870	7879	
8035	8019	8017	8014	8016	8017	8016	8013	8002	8001	7992	7990	7999	8008	8009	8010	8005	8003	8002	8006	8008	8010	8017	8021	8034	8046	8084	8080	8052	8040	8047	8060	8076	8113	8174	8229	8320	8387	8347	8340	8348	8379	8376	8299	8259	8274	8322	8338	8340	8317	8274	8217	8050	8021	8014	8007	8004	7999	7987	7987	7981	7973	7971	7959	7955	7953	7957	7949	7950	7952	7948	7934	7928	7923	7902	7899	7889	7870	7871	7869	
8037	8021	8016	8017	8016	8018	8009	7998	8000	8002	7996	7992	7995	7994	7989	7995	8001	8003	8000	8011	8019	8026	8026	8048	8083	8111	8124	8184	8132	8061	8054	8040	8061	8106	8163	8199	8303	8386	8354	8353	8357	8374	8355	8294	8228	8224	8265	8337	8352	8341	8289	8233	8067	8025	8014	8007	8005	7997	7988	7983	7978	7974	7967	7964	7953	7957	7953	7953	7954	7953	7947	7939	7930	7916	7909	7897	7889	7871	7864	7870	
8039	8016	8021	8015	8013	8009	7998	8000	8003	8005	7993	7996	7987	7987	7988	8002	8005	8001	8004	8013	8019	8032	8062	8099	8119	8148	8243	8288	8256	8080	8033	8028	8029	8057	8129	8188	8279	8360	8355	8359	8353	8357	8348	8318	8247	8224	8298	8337	8356	8352	8315	8262	8100	8028	8016	8008	8000	7994	7991	7984	7976	7969	7968	7960	7955	7953	7955	7954	7953	7950	7942	7943	7931	7910	7892	7891	7883	7873	7868	7868	
8036	8014	8014	8014	8008	7998	8000	8002	8007	8005	7994	7984	7983	7998	8009	8010	8006	8007	8003	8012	8029	8074	8101	8121	8198	8254	8265	8166	8097	8044	8020	8018	8017	8019	8061	8152	8217	8298	8325	8336	8332	8336	8330	8332	8310	8311	8326	8331	8344	8353	8328	8275	8141	8028	8018	8009	8000	7991	7989	7983	7976	7968	7971	7962	7959	7968	7971	7976	7982	7976	7955	7942	7926	7911	7906	7888	7882	7874	7862	7867	
8037	8033	8008	8002	8001	8001	7998	7998	7995	7991	7987	7991	8004	8012	8011	8009	8004	8008	8009	8012	8047	8094	8158	8234	8245	8185	8124	8067	8031	8013	8015	8017	8015	8013	8025	8084	8197	8240	8293	8311	8310	8308	8315	8323	8334	8328	8321	8320	8340	8357	8345	8307	8160	8033	8028	8013	7999	7996	7986	7983	7977	7973	7983	7993	8015	8051	8071	8082	8084	8085	8040	7968	7935	7913	7899	7891	7882	7866	7860	7864	
8031	8004	7998	8001	8004	7999	7992	7989	7989	8000	8005	8007	8004	8008	8009	8010	8013	8013	8014	8013	8030	8105	8236	8205	8131	8080	8035	8020	8017	8014	8013	8019	8016	8013	8014	8035	8130	8201	8248	8297	8288	8288	8292	8313	8334	8335	8339	8351	8358	8364	8352	8323	8201	8046	8038	8040	8005	7996	7991	7997	8000	8007	8058	8095	8112	8118	8130	8116	8094	8098	8113	8064	8018	7959	7922	7904	7883	7868	7865	7865	
8006	7996	8000	7999	7992	7990	7985	7991	8010	8023	8014	8012	8007	8003	8004	8010	8011	8013	8013	8013	8013	8050	8077	8077	8038	8015	8009	8012	8013	8013	8011	8017	8015	8013	8016	8021	8054	8133	8199	8267	8285	8280	8280	8308	8339	8350	8360	8365	8356	8354	8352	8330	8276	8105	8069	8034	8021	8030	8038	8062	8097	8119	8133	8116	8132	8133	8113	8096	8082	8074	8105	8092	8059	8047	8031	7963	7896	7875	7863	7861	
7991	7990	7991	7989	7987	7981	7995	8014	8026	8031	8024	8026	8020	8010	8006	8008	8010	8010	8006	8000	7991	7992	7988	7990	8000	8000	8003	8009	8009	8008	8013	8019	8016	8023	8031	8042	8024	8047	8106	8185	8238	8265	8268	8298	8337	8360	8364	8354	8348	8349	8353	8346	8315	8263	8193	8146	8107	8116	8131	8154	8167	8171	8159	8131	8132	8148	8142	8106	8087	8071	8070	8106	8068	8053	8068	8054	7978	7890	7867	7871	
7982	7983	7982	7982	7986	7995	8016	8019	8024	8033	8033	8045	8050	8038	8016	8005	8008	8005	7998	7990	7966	7939	7931	7963	7989	8000	8005	8008	8008	8009	8011	8018	8028	8046	8063	8109	8027	8010	8017	8048	8092	8202	8250	8280	8331	8357	8358	8348	8346	8346	8358	8360	8342	8330	8320	8282	8165	8123	8126	8126	8123	8154	8157	8137	8123	8131	8149	8136	8111	8090	8072	8084	8110	8058	8067	8072	8043	7959	7889	7874	
7992	7985	7983	7988	8009	8013	8024	8022	8043	8070	8073	8095	8077	8063	8023	8007	8003	8000	7990	7951	7923	7922	7956	7987	8001	8004	8006	8008	8006	8006	8014	8027	8056	8106	8067	8012	8005	8009	8002	8014	8018	8061	8177	8266	8310	8344	8352	8346	8351	8350	8354	8350	8355	8345	8336	8343	8170	8115	8117	8130	8118	8118	8126	8124	8109	8098	8100	8108	8111	8102	8085	8066	8095	8085	8068	8083	8070	8017	7965	7907	
7997	7988	7991	8011	8017	8024	8028	8038	8096	8130	8130	8111	8148	8181	8079	8029	8007	7998	7979	7949	7957	7990	8000	7999	8001	8003	8006	8003	7991	7991	8007	8044	8078	8000	7995	8000	8007	8030	8024	8022	8005	8013	8055	8227	8311	8341	8351	8346	8352	8350	8342	8333	8343	8338	8332	8330	8155	8111	8113	8129	8124	8123	8129	8132	8122	8109	8102	8079	8097	8107	8105	8067	8063	8101	8069	8090	8090	8055	8031	7999	
8003	7997	8017	8026	8027	8027	8044	8076	8132	8137	8132	8215	8240	8220	8103	8052	8016	8003	7996	7999	8003	8007	8002	8003	8001	8009	8000	7986	7961	7978	8002	8013	7998	7987	7997	8006	8055	8084	8060	8040	8002	8000	8025	8142	8301	8337	8342	8319	8322	8335	8352	8340	8332	8317	8303	8270	8131	8116	8120	8132	8140	8134	8134	8134	8134	8133	8119	8093	8081	8080	8089	8078	8043	8093	8083	8092	8095	8071	8051	8056	
8022	8024	8030	8027	8032	8030	8075	8109	8125	8197	8233	8237	8121	8071	8034	8009	8010	8009	8009	8011	8007	8009	8012	8016	8024	8017	7995	7970	8001	8010	8006	8003	7998	7994	8000	8030	8059	8078	8054	8021	7992	7991	8047	8154	8242	8304	8269	8200	8215	8230	8274	8300	8298	8225	8172	8166	8116	8120	8124	8138	8142	8137	8138	8137	8146	8138	8117	8105	8078	8065	8068	8066	8059	8078	8097	8093	8093	8092	8079	8075	
8040	8036	8034	8032	8031	8026	8046	8096	8190	8276	8148	8088	8045	8017	8012	8008	8012	8008	8008	8012	8007	8011	8013	8019	8027	8031	8052	8020	8031	8077	8024	8007	8002	8009	8008	8018	8011	8006	7998	7991	7982	7982	8026	8126	8191	8204	8131	8111	8125	8129	8132	8146	8149	8131	8144	8152	8119	8119	8130	8144	8145	8148	8143	8138	8131	8121	8113	8105	8089	8065	8065	8076	8071	8070	8113	8127	8101	8093	8093	8071	
8046	8036	8035	8031	8032	8033	8046	8094	8120	8084	8051	8022	8019	8014	8009	8011	8011	8009	8010	8011	8011	8012	8024	8048	8087	8071	8038	8015	8048	8144	8044	8019	8016	8021	8015	8010	8009	7984	7990	7984	7975	7977	7983	8055	8124	8123	8117	8111	8120	8122	8120	8128	8124	8122	8138	8155	8119	8115	8126	8137	8147	8149	8150	8135	8127	8119	8110	8104	8094	8079	8063	8068	8074	8075	8095	8138	8107	8101	8108	8065	
8047	8037	8034	8031	8033	8044	8051	8042	8026	8021	8004	8009	8012	8012	8011	8012	8011	8017	8014	8014	8012	8009	8048	8099	8032	7976	7990	8004	8049	8111	8037	8023	8027	8071	8024	8012	8007	7998	7979	7986	7973	7970	7973	8011	8111	8135	8132	8125	8135	8138	8140	8138	8142	8148	8152	8149	8122	8120	8124	8136	8146	8144	8141	8130	8129	8118	8105	8098	8092	8084	8069	8058	8062	8070	8083	8101	8112	8114	8110	8062	
8048	8036	8037	8041	8051	8051	8039	8024	8015	8015	8008	8005	8008	8016	8010	8015	8030	8061	8046	8023	8011	8011	8022	8012	7998	7980	7993	8012	8029	8046	8070	8035	8035	8032	8029	8021	8019	8055	8018	7986	7976	7970	7978	8043	8149	8171	8169	8165	8174	8173	8167	8155	8147	8147	8149	8140	8128	8120	8119	8123	8134	8134	8131	8124	8121	8114	8103	8097	8091	8083	8072	8058	8056	8063	8065	8087	8105	8111	8098	8059	
8049	8041	8050	8059	8048	8023	8022	8020	8020	8017	8011	8012	8014	8018	8013	8018	8055	8153	8064	8015	8008	8003	8002	8006	8001	7995	8004	8014	8026	8053	8069	8034	8045	8038	8044	8037	8070	8159	8121	7982	7969	7975	8013	8129	8170	8176	8182	8178	8179	8167	8154	8142	8136	8137	8138	8137	8132	8121	8111	8114	8117	8116	8128	8118	8116	8114	8105	8101	8098	8090	8076	8067	8059	8065	8067	8066	8077	8105	8110	8065	
8060	8062	8056	8046	8044	8030	8029	8027	8023	8017	8018	8019	8022	8023	8018	8025	8033	8021	8012	8005	8001	8005	7998	8001	8002	8001	8007	8014	8024	8019	8019	8018	8015	8018	8025	8024	8095	8201	8168	8020	7962	7988	8087	8168	8195	8194	8205	8204	8194	8168	8154	8152	8148	8146	8143	8138	8133	8126	8116	8117	8097	8096	8110	8114	8116	8108	8100	8099	8098	8095	8084	8072	8060	8056	8062	8061	8066	8081	8109	8078	
8082	8072	8047	8034	8039	8044	8047	8047	8028	8023	8024	8025	8024	8029	8023	8015	8004	8003	8006	8012	8002	7996	7998	8001	8002	8003	8005	8007	8012	8014	8009	8013	8010	8006	8007	8019	8079	8179	8187	8101	7972	8057	8156	8181	8176	8180	8185	8191	8198	8192	8178	8174	8172	8168	8154	8135	8131	8128	8122	8120	8103	8088	8089	8097	8107	8108	8094	8089	8091	8083	8079	8071	8064	8054	8052	8056	8055	8075	8097	8091	
8072	8055	8047	8060	8064	8078	8053	8041	8029	8036	8031	8029	8022	8025	8021	8005	7980	7993	8004	8002	8000	8000	7999	8001	8001	7999	7999	8002	8004	8012	8008	8010	8008	8004	8012	8014	8045	8156	8216	8188	8090	8146	8187	8196	8188	8174	8163	8156	8173	8181	8188	8189	8187	8190	8183	8158	8143	8127	8113	8110	8101	8092	8085	8079	8085	8100	8095	8083	8075	8070	8062	8058	8054	8049	8046	8037	8042	8066	8079	8076	
8064	8057	8051	8070	8069	8044	8029	8027	8030	8036	8030	8024	8024	8023	8019	8005	7993	7987	8001	8005	8002	8002	8000	8001	8002	8000	8003	8002	8003	8004	8004	8006	8009	8004	8004	8010	8023	8126	8228	8231	8182	8179	8187	8192	8179	8175	8167	8155	8163	8172	8184	8186	8182	8179	8179	8171	8161	8143	8125	8111	8101	8090	8091	8081	8071	8074	8078	8086	8078	8068	8059	8050	8050	8051	8040	8031	8027	8034	8043	8047	
8055	8056	8068	8056	8034	8035	8031	8041	8040	8038	8034	8023	8027	8019	8016	8008	7999	8001	8006	8008	8003	8003	7998	8002	8000	7998	7998	8002	8002	8003	8000	8003	8004	8007	8003	8004	8012	8059	8193	8210	8192	8187	8188	8185	8175	8171	8163	8158	8162	8161	8175	8177	8172	8173	8168	8165	8158	8145	8137	8125	8105	8093	8090	8083	8067	8061	8059	8073	8079	8070	8052	8047	8054	8043	8031	8024	8031	8038	8049	8044	
8089	8076	8054	8050	8046	8047	8049	8043	8041	8031	8027	8018	8024	8025	8020	8013	8014	8017	8012	8013	8005	8003	7998	7999	8002	7999	8003	8006	8004	8004	7999	8003	8001	8004	8003	7996	8006	8024	8082	8167	8182	8183	8177	8178	8178	8182	8184	8176	8165	8160	8168	8177	8174	8167	8162	8156	8148	8143	8136	8135	8125	8102	8089	8077	8077	8064	8053	8059	8068	8072	8061	8048	8039	8029	8026	8039	8052	8048	8044	8023	
8093	8074	8064	8052	8062	8071	8068	8064	8044	8024	8021	8034	8034	8027	8015	8015	8016	8014	8013	8012	8005	8003	8001	8003	8000	7997	7999	8005	8007	8007	8005	8004	8005	7999	7999	7995	7998	8038	8131	8170	8170	8166	8155	8156	8161	8170	8191	8192	8175	8165	8161	8172	8174	8169	8164	8157	8151	8136	8132	8122	8122	8115	8095	8078	8070	8074	8060	8055	8055	8061	8063	8044	8029	8030	8048	8067	8056	8037	8012	8014	
8078	8060	8057	8050	8055	8063	8064	8042	8027	8028	8033	8026	8021	8026	8017	8015	8017	8015	8012	8012	8008	8002	7996	7999	7998	7996	8001	8006	8006	8004	8008	8006	8004	7996	7995	7994	8004	8082	8150	8165	8166	8153	8139	8133	8145	8157	8179	8196	8195	8166	8154	8157	8165	8164	8163	8157	8145	8135	8125	8117	8114	8103	8102	8085	8071	8067	8066	8057	8053	8042	8039	8036	8044	8055	8065	8059	8037	8017	8011	8014	
8071	8067	8059	8048	8050	8058	8051	8042	8038	8041	8041	8036	8050	8058	8023	8019	8020	8013	8010	8012	8006	8005	7998	7997	7996	7996	7999	8002	8003	8004	8006	8012	8003	7997	7994	7996	8014	8128	8190	8187	8169	8151	8131	8129	8134	8150	8162	8173	8193	8171	8146	8147	8146	8154	8155	8152	8141	8129	8118	8111	8104	8103	8092	8086	8077	8069	8064	8068	8051	8043	8041	8050	8053	8051	8042	8038	8025	8019	8008	7992	
8129	8085	8085	8057	8048	8047	8051	8072	8083	8077	8058	8085	8087	8037	8018	8019	8015	8009	8011	8004	8001	8002	7996	8002	8001	7995	7997	8001	8003	8002	8007	8015	8008	7995	7995	7999	8033	8169	8212	8224	8205	8182	8157	8143	8132	8138	8152	8162	8183	8167	8149	8142	8142	8141	8142	8140	8130	8128	8120	8113	8107	8104	8094	8091	8082	8079	8060	8050	8046	8046	8047	8054	8054	8045	8043	8042	8023	8008	7998	8009	
8295	8233	8243	8191	8091	8057	8057	8056	8051	8062	8072	8036	8018	8023	8015	8018	8016	8006	8003	8003	8000	8003	8000	8001	7998	7993	7993	7998	8003	8006	8013	8025	8015	7997	7998	7999	8036	8167	8203	8229	8231	8225	8195	8171	8163	8144	8142	8160	8178	8163	8155	8141	8133	8132	8130	8128	8123	8116	8114	8110	8108	8101	8096	8088	8083	8075	8053	8051	8052	8053	8052	8049	8054	8057	8040	8019	8005	8002	8002	8014	
8318	8284	8309	8308	8264	8149	8062	8045	8047	8054	8030	8023	8019	8021	8018	8021	8017	8007	8001	8002	7999	7997	7998	8001	7997	7996	7992	7991	8000	8003	8012	8032	8035	8006	8003	7997	8030	8157	8192	8202	8219	8225	8222	8199	8180	8173	8146	8143	8165	8162	8159	8145	8133	8124	8121	8122	8122	8116	8110	8106	8103	8094	8092	8077	8063	8057	8057	8057	8058	8060	8060	8062	8060	8044	8025	8017	8006	8008	8021	8027	
8322	8293	8325	8321	8305	8281	8174	8060	8049	8040	8027	8025	8021	8022	8021	8020	8015	8009	8004	7998	8000	7999	7996	7998	7998	7993	7994	7986	7989	8000	8003	8019	8049	8020	8010	8008	8032	8138	8186	8198	8206	8208	8206	8197	8195	8181	8179	8142	8150	8154	8156	8147	8134	8127	8117	8112	8112	8109	8107	8105	8103	8092	8084	8065	8052	8057	8067	8069	8069	8074	8072	8055	8036	8025	8029	8017	8012	8020	8029	8037	
8306	8302	8318	8312	8314	8308	8275	8154	8055	8040	8028	8023	8022	8019	8019	8019	8014	8010	8004	8008	8001	8003	7999	7999	7994	7995	7988	7986	7988	7990	7995	8005	8026	8025	8021	8019	8026	8112	8184	8191	8187	8199	8203	8206	8218	8217	8200	8181	8141	8141	8144	8145	8138	8128	8120	8114	8108	8105	8106	8101	8093	8079	8073	8060	8059	8066	8075	8081	8081	8072	8051	8040	8036	8038	8036	8028	8017	8026	8036	8034	
8302	8309	8314	8317	8313	8306	8301	8248	8111	8043	8031	8026	8021	8024	8016	8015	8009	8009	8004	8009	8004	7999	7996	7993	7994	7992	7993	7990	7992	7996	7997	8005	8019	8017	8022	8013	8011	8071	8182	8205	8201	8190	8180	8172	8186	8218	8224	8197	8178	8136	8130	8138	8131	8129	8120	8111	8107	8102	8097	8089	8081	8067	8070	8069	8059	8071	8081	8085	8070	8054	8051	8051	8055	8056	8041	8034	8032	8038	8035	8032	
8312	8307	8331	8322	8317	8314	8298	8276	8213	8070	8036	8026	8025	8021	8012	8011	8008	8006	8008	8006	8030	8002	7995	7991	7994	7990	7996	7997	7997	7998	7999	8012	8012	8011	8015	8009	8001	8030	8146	8200	8205	8208	8192	8187	8175	8161	8166	8196	8194	8175	8135	8132	8134	8130	8125	8110	8110	8100	8096	8091	8078	8075	8084	8073	8062	8077	8085	8071	8061	8062	8071	8076	8074	8053	8046	8043	8046	8043	8032	8026	
8309	8323	8337	8320	8326	8311	8291	8290	8273	8150	8043	8028	8026	8021	8016	8010	8009	8005	8005	8009	8007	8006	7992	7993	7994	7991	7994	7996	7998	7993	7996	8003	8005	8005	8014	8011	8002	8009	8096	8169	8188	8196	8187	8183	8177	8174	8161	8150	8172	8193	8172	8143	8129	8131	8129	8111	8111	8105	8094	8078	8091	8095	8088	8063	8068	8077	8063	8062	8078	8094	8097	8077	8055	8050	8048	8052	8046	8039	8027	8040	
8312	8345	8334	8334	8328	8303	8309	8310	8284	8223	8067	8030	8029	8023	8013	8012	8007	8007	8008	8003	8004	8002	7995	7991	7988	7990	7990	7991	7991	7992	7995	8002	7999	8000	8006	8016	8002	7999	8047	8152	8175	8175	8162	8153	8146	8149	8145	8155	8194	8222	8209	8161	8151	8142	8130	8104	8106	8099	8081	8095	8107	8101	8074	8070	8070	8068	8090	8104	8113	8096	8070	8055	8047	8042	8041	8041	8038	8034	8045	8067	
8336	8343	8331	8334	8323	8326	8329	8305	8271	8245	8130	8038	8028	8026	8015	8010	8008	8007	8005	8001	8003	8002	8001	7988	7989	7987	7983	7985	7985	7993	7996	7996	7997	7995	8004	8013	8002	7997	8008	8119	8174	8185	8184	8173	8152	8142	8138	8134	8160	8164	8181	8186	8175	8164	8137	8112	8106	8095	8109	8126	8119	8093	8080	8075	8086	8110	8121	8112	8088	8067	8055	8052	8053	8055	8045	8043	8044	8059	8080	8097	
8346	8326	8332	8315	8329	8333	8312	8296	8293	8274	8198	8051	8028	8024	8011	8010	8006	7999	8003	8003	8001	8000	7998	7990	7987	7983	7982	7992	7990	7990	7992	7995	7994	7994	7997	8001	7999	7995	7993	8058	8147	8167	8175	8151	8146	8146	8155	8133	8161	8160	8140	8137	8171	8179	8153	8120	8116	8131	8142	8128	8110	8088	8084	8111	8136	8138	8108	8079	8068	8064	8065	8065	8066	8060	8053	8058	8075	8091	8098	8083	
8339	8327	8317	8311	8325	8309	8310	8314	8300	8279	8240	8095	8028	8020	8011	8007	8001	7990	7995	7996	7998	7997	7992	7992	7994	7985	7983	7990	7993	7995	7994	7995	7992	7994	7997	7992	7991	7991	7990	8007	8079	8122	8135	8152	8173	8181	8188	8182	8177	8162	8158	8136	8145	8149	8156	8146	8163	8160	8152	8131	8095	8102	8136	8148	8138	8115	8083	8072	8074	8080	8076	8069	8066	8060	8068	8083	8098	8095	8083	8078	
8333	8328	8303	8305	8312	8327	8325	8308	8296	8286	8256	8160	8039	8023	8006	8003	7997	7996	7993	7993	7993	7995	7994	7992	7991	7984	7985	7993	7995	7994	7994	7995	7990	7993	7990	7991	7985	7988	7988	7993	8017	8112	8156	8172	8182	8188	8175	8152	8149	8129	8126	8123	8109	8111	8142	8182	8185	8168	8144	8110	8121	8146	8151	8138	8110	8093	8088	8094	8098	8086	8070	8065	8074	8081	8103	8100	8091	8079	8072	8075	
8339	8311	8297	8317	8334	8323	8318	8310	8301	8288	8264	8210	8062	8024	8008	8000	7997	7993	7989	7990	7992	7992	7994	7991	7991	7985	7986	7997	7998	7996	7995	7998	7994	7995	7986	7984	7985	7986	7987	7988	7998	8074	8148	8163	8166	8163	8143	8129	8120	8111	8106	8109	8110	8117	8125	8180	8184	8143	8124	8134	8147	8155	8146	8123	8108	8118	8110	8103	8083	8071	8071	8085	8106	8114	8104	8087	8071	8074	8084	8101	
8329	8300	8318	8335	8319	8313	8302	8289	8279	8266	8247	8218	8112	8034	8017	8003	7997	7997	7994	7996	7988	7993	7991	7992	7994	7990	7993	7997	7999	8002	7998	7998	7997	7992	7989	7987	7983	7984	7983	7984	7988	8019	8115	8151	8164	8142	8111	8102	8119	8116	8114	8116	8111	8108	8111	8135	8147	8149	8150	8165	8155	8139	8124	8133	8133	8134	8102	8081	8074	8083	8109	8113	8116	8094	8079	8080	8073	8084	8103	8110	
8324	8314	8333	8322	8301	8287	8291	8283	8286	8277	8269	8238	8168	8046	8023	8006	8002	7996	7998	7998	7996	7997	7992	7995	7999	7994	7997	7999	8000	7999	8001	8000	7994	7991	7989	7987	7985	7985	7982	7987	7982	7996	8031	8119	8130	8104	8101	8100	8109	8115	8111	8116	8109	8115	8118	8123	8151	8165	8147	8136	8138	8145	8156	8151	8132	8107	8085	8081	8100	8134	8137	8118	8107	8098	8092	8090	8100	8112	8110	8118	
8339	8333	8316	8305	8305	8296	8294	8286	8281	8284	8273	8259	8208	8068	8026	8015	8001	7999	8001	8002	7998	7995	7993	7995	7999	7993	7995	7998	7998	7996	7999	8001	7998	7996	7992	7988	7981	7986	7981	7982	7983	7989	7994	8072	8101	8098	8105	8109	8108	8106	8103	8111	8116	8124	8127	8128	8126	8135	8143	8151	8164	8163	8154	8127	8104	8093	8091	8125	8151	8150	8125	8115	8107	8101	8104	8105	8113	8121	8118	8103	
8336	8323	8322	8314	8302	8297	8290	8278	8275	8275	8271	8254	8228	8110	8029	8027	8014	8006	8004	8004	7994	7996	7994	7995	7995	7992	7992	7998	7998	7999	7996	7998	7998	7996	7990	7985	7982	7980	7981	7981	7978	7981	7994	8060	8093	8110	8121	8103	8096	8097	8102	8109	8132	8153	8162	8152	8144	8138	8160	8159	8148	8138	8121	8103	8094	8101	8128	8144	8155	8142	8123	8108	8110	8101	8101	8109	8114	8114	8100	8084	
8337	8325	8319	8314	8306	8286	8270	8258	8255	8254	8251	8242	8222	8157	8043	8025	8022	8007	8003	8002	7995	7998	7996	7995	7994	7989	7991	7998	7996	7993	7993	7999	7994	7994	7987	7987	7984	7980	7976	7979	7978	7980	7985	8054	8090	8104	8091	8087	8094	8111	8107	8133	8158	8169	8169	8163	8149	8136	8131	8119	8122	8115	8115	8110	8109	8112	8134	8143	8145	8127	8113	8109	8109	8107	8111	8115	8108	8095	8089	8084	
8343	8327	8324	8306	8291	8286	8286	8275	8273	8268	8261	8250	8236	8202	8084	8026	8019	8009	8002	8001	8000	8000	7994	7993	7993	7990	7997	8003	8001	7996	7994	7998	7993	7990	7986	7986	7982	7983	7977	7976	7975	7972	7974	8021	8073	8075	8088	8088	8107	8108	8123	8141	8154	8157	8165	8176	8167	8151	8124	8125	8127	8129	8129	8121	8115	8121	8133	8138	8140	8125	8115	8109	8109	8109	8115	8104	8087	8088	8086	8087	
8341	8330	8317	8309	8304	8294	8275	8259	8249	8246	8240	8236	8232	8223	8142	8038	8025	8014	8007	8002	7999	8003	7995	7998	7998	7996	7997	8003	8003	7999	7998	7995	7993	7992	7990	7985	7985	7983	7976	7975	7974	7975	7968	7990	8054	8083	8087	8090	8099	8117	8122	8137	8148	8170	8185	8205	8203	8187	8142	8136	8137	8136	8135	8124	8116	8129	8126	8127	8131	8125	8123	8125	8123	8109	8104	8096	8089	8091	8099	8106	
8357	8338	8330	8306	8289	8282	8259	8243	8238	8230	8225	8217	8212	8210	8179	8071	8026	8021	8007	8003	8001	8002	7999	8004	8001	7999	8001	8004	8005	8002	8000	7995	7993	7991	7990	7985	7983	7983	7984	7977	7974	7978	7970	7975	8022	8069	8095	8104	8117	8122	8125	8148	8163	8181	8207	8221	8216	8202	8160	8115	8116	8124	8128	8132	8134	8142	8142	8141	8150	8145	8137	8125	8116	8100	8096	8102	8108	8119	8128	8117	
8362	8330	8311	8288	8273	8272	8265	8253	8243	8238	8220	8208	8194	8192	8182	8129	8044	8026	8022	8011	8005	8005	8003	8008	8005	7999	8003	8005	8008	8006	8000	7993	7990	7996	7989	7986	7985	7988	7984	7981	7979	7976	7974	7970	7990	8046	8099	8100	8112	8119	8142	8152	8182	8206	8224	8234	8244	8244	8217	8156	8135	8139	8146	8156	8156	8157	8153	8147	8144	8136	8124	8108	8111	8108	8117	8123	8133	8140	8144	8140	
8358	8304	8288	8286	8291	8272	8262	8249	8242	8229	8223	8221	8206	8193	8184	8157	8087	8039	8024	8018	8010	8007	8007	8009	8009	8001	8006	8007	8010	8001	8003	7993	7994	7995	7992	7981	7980	7987	7987	7985	7985	7984	7985	7977	7983	8022	8087	8097	8110	8134	8148	8178	8207	8220	8235	8272	8284	8284	8272	8258	8235	8218	8207	8189	8194	8180	8155	8141	8129	8125	8115	8112	8115	8118	8127	8134	8137	8145	8144	8145	
