10062	10067	10068	10068	8071	8066	8060	8057	8062	8057	8059	8056	8053	8052	8059	8060	8054	8056	8053	8050	8054	8053	8057	8052	8054	8048	8055	8056	8056	8057	8060	8069	8110	8188	8257	8291	8326	8354	8367	8360	8351	8324	8292	8259	8263	8266	8229	8233	8198	8107	8073	8063	8063	8062	8061	8054	8052	8056	8041	8024	8019	8016	8015	8013	8015	8011	8006	8002	8002	7999	8000	7996	7992	7995	7994	7987	7989	7991	7987	7986	
10067	10072	10068	10067	8069	8071	8066	8061	8065	8063	8067	8059	8057	8057	8060	8060	8059	8060	8060	8056	8055	8056	8053	8053	8051	8051	8052	8056	8059	8059	8064	8104	8204	8298	8352	8377	8387	8392	8385	8389	8388	8362	8346	8318	8259	8260	8258	8237	8257	8180	8093	8063	8066	8068	8065	8058	8052	8051	8042	8029	8021	8023	8019	8018	8016	8011	8008	8009	8003	8006	8001	7999	7998	7996	7991	7987	7987	7987	7986	7988	
10070	10070	10067	10069	8074	8069	8064	8064	8066	8063	8063	8063	8059	8059	8060	8059	8058	8058	8059	8057	8057	8057	8058	8053	8053	8054	8055	8054	8061	8064	8087	8174	8304	8374	8407	8405	8407	8395	8388	8390	8395	8382	8365	8356	8315	8271	8263	8251	8237	8232	8139	8075	8068	8068	8069	8061	8058	8054	8045	8026	8024	8024	8021	8021	8016	8011	8010	8007	8003	8007	8001	7999	7998	7995	7991	7987	7984	7986	7984	7978	
10073	10069	10070	10075	8074	8066	8066	8066	8066	8067	8060	8063	8057	8060	8059	8062	8057	8055	8060	8058	8055	8057	8054	8055	8057	8056	8057	8060	8061	8065	8114	8252	8370	8402	8411	8408	8409	8401	8402	8403	8400	8389	8388	8378	8354	8320	8267	8259	8230	8222	8188	8097	8074	8071	8069	8059	8055	8054	8039	8028	8022	8025	8020	8019	8015	8014	8012	8009	8005	8006	8003	7999	7997	7994	7991	7986	7982	7983	7982	7983	
8074	8069	8071	8074	8074	8069	8065	8067	8064	8062	8062	8061	8054	8062	8062	8062	8060	8056	8060	8062	8057	8055	8058	8056	8057	8054	8059	8061	8067	8080	8166	8314	8392	8399	8410	8413	8408	8408	8409	8410	8404	8387	8384	8383	8379	8362	8311	8250	8232	8202	8198	8135	8089	8074	8066	8061	8052	8050	8040	8026	8023	8028	8024	8021	8018	8015	8006	8007	8005	8000	8001	8001	7997	7994	7989	7985	7981	7977	7979	7979	
8078	8076	8074	8073	8072	8068	8069	8064	8068	8062	8065	8062	8055	8061	8062	8064	8056	8059	8058	8058	8058	8060	8055	8057	8061	8057	8059	8062	8071	8095	8212	8347	8397	8402	8410	8415	8412	8401	8401	8409	8407	8387	8380	8380	8382	8395	8368	8268	8237	8204	8200	8157	8108	8064	8040	8026	8021	8031	8022	8002	7996	8005	8009	8011	8011	8011	8005	8006	8002	8000	8001	8000	7995	7989	7989	7974	7973	7978	7976	7972	
8079	8079	8073	8075	8075	8068	8069	8066	8066	8063	8060	8061	8058	8060	8061	8063	8062	8063	8061	8059	8059	8064	8060	8060	8062	8061	8063	8065	8076	8127	8251	8371	8402	8402	8406	8407	8403	8393	8390	8392	8392	8379	8371	8374	8377	8387	8398	8322	8240	8212	8196	8175	8132	8073	8031	8030	8034	8042	8030	8012	7992	7993	7990	7990	7987	7984	7989	7989	7990	7990	7992	7985	7986	7984	7982	7978	7970	7969	7973	7972	
8072	8078	8074	8073	8073	8067	8066	8067	8072	8066	8062	8061	8056	8061	8063	8065	8061	8062	8061	8064	8064	8061	8059	8059	8060	8060	8064	8068	8088	8149	8277	8380	8407	8399	8400	8402	8394	8386	8388	8380	8367	8351	8347	8354	8367	8377	8396	8381	8248	8231	8197	8187	8150	8119	8069	8060	8054	8046	8032	8019	8002	7993	7995	8000	7996	7990	7978	7980	7969	7960	7951	7939	7940	7961	7968	7964	7962	7958	7964	7970	
8053	8060	8061	8070	8070	8068	8066	8070	8067	8066	8068	8068	8060	8064	8064	8064	8062	8060	8062	8061	8061	8061	8058	8059	8059	8061	8063	8069	8096	8171	8287	8385	8410	8397	8397	8400	8399	8393	8388	8396	8384	8360	8356	8359	8364	8376	8391	8397	8280	8239	8208	8195	8166	8143	8102	8061	8042	8033	8016	7999	7987	7982	7984	7989	7988	7986	7984	7986	7965	7927	7912	7905	7898	7925	7940	7936	7930	7934	7961	7965	
8056	8038	8048	8067	8068	8065	8068	8065	8066	8066	8066	8064	8059	8061	8059	8060	8059	8062	8062	8061	8060	8058	8061	8059	8062	8063	8066	8071	8099	8183	8291	8383	8407	8403	8402	8400	8400	8404	8410	8410	8390	8376	8368	8373	8378	8380	8388	8389	8308	8240	8217	8194	8171	8147	8114	8047	8028	8021	8007	7991	7984	7983	7979	7980	7979	7974	7975	7971	7968	7958	7941	7916	7887	7907	7922	7906	7896	7906	7950	7956	
8053	8040	8041	8045	8061	8068	8068	8066	8067	8065	8063	8062	8060	8060	8060	8061	8059	8061	8066	8066	8063	8063	8059	8061	8063	8059	8065	8072	8103	8185	8288	8376	8408	8415	8420	8403	8393	8389	8410	8417	8398	8383	8384	8385	8388	8377	8365	8355	8317	8243	8216	8191	8169	8146	8127	8071	8035	8038	8024	8005	7991	7988	7984	7986	7983	7981	7971	7975	7970	7961	7952	7944	7923	7917	7931	7916	7911	7919	7941	7953	
8049	8033	8045	8046	8022	8048	8060	8066	8067	8066	8065	8061	8057	8056	8059	8061	8056	8059	8064	8061	8063	8062	8060	8059	8063	8059	8066	8068	8100	8183	8274	8365	8405	8412	8423	8408	8368	8359	8392	8407	8389	8383	8378	8381	8370	8361	8343	8339	8329	8249	8219	8193	8173	8150	8128	8092	8056	8049	8033	8020	8007	8007	8009	8013	8009	7997	7987	7982	7974	7962	7946	7933	7910	7931	7936	7927	7920	7925	7944	7951	
8016	8029	8049	8048	8030	8036	8048	8058	8060	8066	8067	8066	8060	8060	8064	8062	8062	8062	8059	8057	8058	8063	8063	8055	8062	8061	8058	8065	8096	8180	8265	8344	8397	8404	8406	8397	8335	8325	8361	8385	8384	8375	8369	8349	8340	8332	8328	8335	8335	8256	8220	8190	8175	8154	8129	8097	8063	8047	8030	8015	8009	8008	8008	8012	8010	8000	7995	7993	7986	7986	7978	7957	7955	7951	7942	7938	7932	7932	7949	7950	
8009	8019	8022	8029	8025	8042	8051	8053	8053	8061	8065	8064	8063	8060	8061	8065	8060	8063	8059	8054	8046	8043	8048	8054	8075	8098	8110	8104	8117	8175	8252	8331	8397	8400	8390	8358	8297	8305	8317	8341	8356	8357	8345	8323	8311	8309	8322	8338	8343	8265	8218	8180	8172	8154	8131	8102	8059	8045	8030	8013	8004	8002	7996	7997	8002	7997	7999	7998	7993	7991	7986	7982	7978	7972	7967	7956	7951	7954	7948	7943	
8041	8026	8014	7999	8017	8045	8051	8058	8054	8046	8047	8060	8058	8063	8058	8056	8048	8048	8045	8041	8041	8047	8051	8073	8120	8120	8111	8112	8136	8178	8235	8304	8391	8390	8378	8330	8273	8294	8312	8322	8327	8331	8320	8304	8300	8304	8323	8344	8348	8273	8216	8180	8168	8153	8134	8100	8056	8038	8019	8007	7996	7990	7989	7991	8006	8007	8009	8002	7994	7985	7981	7976	7967	7957	7951	7941	7928	7925	7922	7925	
8068	8059	8030	8023	8026	8043	8041	8058	8057	8046	8039	8044	8041	8048	8044	8037	8035	8042	8044	8047	8046	8046	8050	8068	8104	8103	8107	8112	8138	8172	8226	8285	8365	8368	8358	8290	8253	8264	8293	8316	8328	8322	8306	8295	8294	8295	8313	8337	8352	8270	8209	8182	8166	8150	8131	8102	8059	8034	8017	7997	7992	7990	7987	7991	7998	7994	7985	7982	7975	7971	7962	7961	7962	7946	7941	7941	7928	7924	7916	7913	
8070	8071	8068	8065	8057	8039	8034	8038	8048	8047	8033	8014	8008	8021	8031	8037	8040	8038	8047	8044	8042	8037	8041	8037	8044	8062	8071	8078	8097	8149	8221	8272	8330	8346	8340	8263	8235	8248	8269	8311	8341	8333	8310	8302	8294	8296	8305	8325	8335	8259	8205	8185	8169	8149	8132	8105	8064	8039	8014	8000	7993	7992	7989	7987	7987	7984	7978	7970	7968	7965	7959	7963	7953	7945	7944	7934	7921	7919	7914	7917	
8077	8073	8069	8066	8063	8035	8016	8026	8034	8029	8029	8009	7999	8009	8020	8021	8024	8027	8030	8033	8032	8033	8038	8037	8043	8045	8057	8057	8071	8123	8206	8263	8313	8325	8331	8291	8260	8255	8303	8328	8347	8351	8331	8309	8303	8299	8303	8315	8315	8243	8199	8183	8165	8149	8134	8107	8073	8041	8020	8003	7994	7993	7990	7987	7986	7980	7971	7972	7968	7966	7962	7959	7951	7945	7937	7929	7919	7920	7915	7915	
8065	8062	8053	8055	8058	8036	8015	8015	8021	8021	8010	7996	8006	8019	8012	8017	8016	8025	8027	8038	8049	8053	8058	8051	8051	8049	8052	8056	8060	8097	8193	8252	8292	8313	8326	8334	8321	8307	8322	8340	8348	8359	8354	8327	8313	8301	8301	8306	8294	8220	8187	8179	8160	8145	8130	8113	8080	8042	8015	8000	7992	7994	7988	7987	7987	7979	7976	7974	7970	7964	7963	7962	7951	7947	7938	7936	7928	7921	7916	7914	
8058	8060	8060	8054	8060	8033	8007	8009	8016	8012	7997	8000	8017	8013	8012	8031	8040	8052	8060	8065	8065	8067	8065	8067	8057	8041	8050	8056	8061	8086	8173	8230	8272	8312	8340	8354	8338	8332	8335	8347	8353	8362	8370	8349	8325	8309	8300	8301	8268	8200	8180	8177	8158	8143	8135	8117	8090	8049	8021	7999	7990	7991	7994	7995	7992	7988	7978	7985	7974	7970	7964	7960	7955	7947	7943	7944	7933	7931	7923	7913	
8063	8060	8058	8049	8053	8029	8008	8005	8011	8004	8010	8026	8029	8033	8051	8057	8064	8069	8071	8068	8077	8078	8081	8081	8073	8052	8044	8048	8062	8087	8164	8213	8253	8296	8343	8366	8359	8347	8338	8344	8347	8363	8374	8360	8335	8320	8306	8299	8254	8194	8177	8175	8157	8143	8134	8122	8096	8060	8024	8003	7993	7998	8008	8016	8007	8001	7993	7990	7996	7997	7982	7970	7957	7956	7949	7945	7934	7937	7927	7922	
8058	8046	8045	8041	8040	8033	8019	8023	8034	8036	8050	8058	8061	8065	8067	8073	8072	8077	8082	8098	8132	8124	8117	8115	8097	8070	8053	8039	8055	8083	8156	8208	8238	8280	8333	8365	8374	8353	8335	8331	8336	8346	8366	8364	8344	8325	8312	8297	8235	8185	8171	8173	8160	8147	8134	8127	8103	8075	8034	8010	8004	8010	8027	8026	8020	7998	7966	7976	7998	8016	7993	7979	7964	7956	7950	7943	7938	7940	7934	7934	
8049	8041	8038	8042	8045	8050	8054	8057	8063	8066	8068	8067	8068	8066	8069	8073	8075	8106	8138	8165	8183	8172	8162	8129	8105	8064	8048	8032	8032	8062	8145	8202	8229	8252	8313	8352	8363	8348	8338	8336	8338	8342	8358	8358	8349	8339	8315	8293	8207	8177	8170	8171	8160	8150	8141	8132	8105	8085	8042	8018	8015	8014	8030	8048	8063	8071	8007	8000	7993	7986	7970	7954	7964	8004	7956	7949	7946	7947	7938	7929	
8060	8061	8066	8074	8080	8071	8067	8066	8067	8069	8069	8071	8067	8068	8070	8073	8080	8117	8155	8197	8209	8239	8251	8255	8187	8080	8041	8012	8005	8041	8133	8191	8222	8242	8285	8330	8358	8356	8344	8340	8337	8341	8346	8347	8345	8340	8323	8269	8188	8176	8169	8169	8157	8152	8146	8136	8111	8088	8040	8014	8003	7998	8015	8030	8034	8038	8032	8021	7993	7979	7963	7954	7974	8019	7954	7946	7943	7936	7925	7922	
8079	8089	8094	8090	8083	8080	8075	8068	8070	8076	8076	8076	8069	8074	8079	8087	8092	8122	8196	8278	8245	8228	8195	8160	8119	8076	8037	8001	7998	8021	8128	8179	8213	8227	8258	8288	8335	8342	8333	8326	8325	8328	8334	8338	8337	8342	8330	8240	8178	8177	8169	8168	8153	8153	8149	8141	8116	8095	8041	8002	7988	7987	7986	7988	7984	7980	7982	7974	7973	7962	7957	7954	7948	7943	7937	7934	7936	7936	7924	7917	
8078	8075	8079	8081	8087	8100	8098	8092	8091	8091	8095	8096	8096	8086	8079	8089	8083	8087	8098	8119	8121	8102	8085	8060	8043	8020	8001	8010	8007	8044	8129	8169	8205	8210	8238	8258	8289	8315	8314	8314	8319	8321	8326	8332	8346	8352	8320	8208	8172	8173	8170	8167	8158	8155	8154	8151	8122	8101	8055	8001	7983	7980	7975	7976	7976	7972	7971	7972	7970	7963	7956	7951	7945	7943	7936	7939	7936	7930	7931	7924	
8079	8078	8086	8092	8096	8100	8102	8107	8107	8096	8098	8099	8092	8084	8077	8071	8066	8067	8062	8059	8057	8050	8046	8038	8037	8033	8033	8032	8042	8068	8124	8161	8188	8201	8226	8245	8272	8295	8303	8325	8327	8332	8334	8339	8351	8351	8292	8194	8169	8170	8169	8166	8162	8161	8159	8156	8135	8109	8070	8011	7987	7978	7981	7986	7981	7974	7975	7969	7966	7957	7956	7948	7949	7951	7940	7937	7935	7936	7932	7926	
8096	8096	8099	8100	8099	8096	8093	8085	8083	8082	8083	8085	8090	8095	8094	8095	8100	8086	8071	8056	8056	8053	8048	8045	8042	8044	8047	8048	8053	8074	8122	8150	8176	8194	8214	8231	8259	8278	8289	8336	8354	8355	8347	8346	8355	8345	8274	8182	8167	8167	8168	8166	8164	8163	8162	8168	8141	8116	8094	8055	8024	7997	7993	7992	7988	7974	7971	7967	7960	7955	7949	7947	7947	7948	7941	7939	7935	7932	7929	7925	
8094	8092	8084	8090	8084	8083	8080	8076	8088	8086	8090	8089	8095	8098	8110	8115	8104	8083	8071	8066	8060	8053	8051	8049	8048	8051	8055	8061	8060	8078	8118	8144	8169	8179	8207	8216	8248	8267	8273	8310	8362	8360	8350	8347	8351	8338	8265	8174	8169	8169	8166	8164	8163	8165	8166	8175	8152	8122	8103	8103	8086	8030	8020	8005	7991	7985	7973	7969	7962	7958	7953	7952	7943	7945	7939	7938	7933	7926	7927	7926	
8084	8078	8079	8074	8079	8076	8074	8080	8098	8114	8113	8100	8095	8083	8082	8082	8078	8074	8076	8073	8071	8069	8058	8051	8054	8055	8118	8137	8081	8086	8122	8138	8157	8170	8195	8205	8234	8257	8256	8282	8358	8369	8358	8351	8353	8344	8266	8166	8173	8172	8165	8167	8161	8165	8171	8176	8158	8129	8108	8124	8158	8160	8127	8080	8038	8010	7986	7974	7962	7958	7954	7952	7945	7945	7936	7933	7929	7924	7924	7917	
8080	8078	8078	8083	8081	8081	8073	8081	8081	8089	8096	8092	8088	8086	8085	8085	8081	8078	8081	8079	8072	8066	8063	8059	8053	8049	8069	8079	8076	8099	8123	8135	8153	8161	8185	8196	8221	8244	8242	8255	8353	8369	8367	8358	8354	8349	8261	8172	8177	8176	8171	8163	8166	8162	8173	8181	8163	8136	8115	8130	8171	8178	8167	8165	8149	8122	8062	8000	7971	7958	7960	7951	7945	7940	7938	7931	7925	7921	7922	7918	
8073	8077	8079	8087	8088	8086	8084	8083	8081	8082	8081	8082	8083	8080	8088	8096	8094	8085	8081	8071	8071	8067	8062	8056	8050	8037	8032	8037	8080	8109	8121	8131	8146	8153	8176	8182	8209	8230	8227	8235	8329	8363	8375	8365	8353	8347	8253	8169	8174	8186	8173	8156	8156	8159	8173	8182	8166	8138	8127	8148	8186	8197	8184	8180	8177	8178	8160	8114	8020	7971	7956	7948	7940	7942	7935	7928	7922	7924	7921	7921	
8088	8076	8075	8083	8086	8089	8092	8096	8094	8085	8079	8073	8079	8082	8090	8095	8091	8081	8073	8063	8057	8059	8064	8054	8047	8033	8024	8041	8086	8118	8124	8129	8137	8143	8167	8173	8200	8221	8223	8212	8298	8366	8371	8369	8357	8348	8258	8178	8176	8189	8186	8148	8152	8154	8172	8183	8169	8139	8132	8160	8192	8193	8178	8177	8182	8182	8190	8171	8120	8040	7969	7951	7942	7937	7930	7925	7923	7923	7924	7922	
8086	8077	8081	8080	8092	8109	8121	8119	8119	8097	8065	8059	8062	8080	8077	8077	8066	8055	8060	8061	8062	8065	8058	8052	8050	8036	8034	8049	8099	8127	8128	8127	8134	8139	8156	8164	8187	8213	8217	8208	8254	8350	8372	8372	8356	8344	8258	8185	8170	8192	8201	8146	8143	8145	8162	8180	8175	8146	8140	8158	8177	8175	8178	8183	8179	8183	8182	8187	8173	8132	8048	7962	7941	7941	7933	7923	7920	7918	7925	7919	
8081	8082	8082	8087	8089	8104	8113	8119	8153	8158	8124	8077	8055	8060	8073	8083	8073	8076	8062	8063	8062	8057	8055	8052	8048	8049	8050	8069	8110	8136	8133	8122	8132	8137	8150	8153	8182	8205	8208	8202	8227	8288	8342	8345	8331	8308	8242	8195	8157	8196	8212	8155	8143	8146	8160	8170	8172	8148	8147	8166	8180	8186	8193	8192	8190	8182	8182	8190	8193	8180	8137	8027	7958	7942	7935	7929	7924	7920	7922	7916	
8078	8078	8084	8084	8081	8086	8080	8071	8080	8070	8060	8063	8060	8060	8076	8098	8105	8098	8092	8081	8089	8073	8056	8050	8051	8048	8060	8082	8129	8149	8133	8120	8128	8133	8146	8152	8173	8195	8197	8194	8209	8223	8283	8289	8273	8260	8239	8198	8163	8194	8224	8169	8143	8142	8154	8165	8169	8152	8157	8170	8171	8199	8208	8202	8201	8201	8204	8202	8207	8204	8191	8119	8001	7952	7939	7930	7926	7920	7920	7916	
8090	8097	8109	8099	8094	8087	8072	8065	8062	8059	8053	8064	8077	8066	8068	8072	8072	8086	8102	8117	8104	8089	8057	8046	8046	8047	8061	8100	8140	8157	8135	8120	8123	8127	8139	8148	8170	8191	8194	8190	8204	8203	8249	8281	8260	8251	8248	8218	8165	8186	8232	8177	8148	8140	8154	8161	8169	8154	8165	8173	8170	8182	8183	8218	8233	8215	8221	8218	8204	8217	8199	8181	8080	7967	7944	7931	7928	7920	7920	7918	
8096	8105	8106	8111	8112	8106	8077	8071	8070	8063	8063	8070	8082	8073	8075	8068	8061	8069	8066	8067	8060	8052	8049	8048	8050	8050	8070	8119	8162	8175	8139	8122	8124	8126	8136	8147	8167	8182	8187	8188	8199	8207	8220	8261	8247	8248	8256	8247	8181	8178	8223	8173	8152	8138	8153	8157	8166	8153	8169	8185	8187	8186	8172	8167	8186	8219	8210	8215	8207	8211	8209	8191	8136	8010	7948	7934	7930	7924	7922	7920	
8087	8084	8082	8082	8086	8080	8075	8076	8074	8070	8068	8073	8083	8079	8087	8068	8057	8058	8058	8054	8052	8049	8043	8046	8050	8055	8097	8152	8182	8184	8148	8123	8120	8121	8133	8146	8163	8178	8182	8190	8189	8211	8215	8251	8242	8248	8261	8255	8189	8174	8203	8172	8148	8136	8147	8151	8165	8150	8173	8197	8212	8230	8217	8194	8173	8163	8165	8189	8200	8181	8190	8193	8163	8057	7957	7937	7929	7924	7919	7923	
8082	8081	8079	8080	8082	8073	8077	8077	8074	8071	8068	8069	8081	8073	8065	8064	8054	8058	8055	8053	8051	8045	8049	8047	8052	8061	8131	8177	8206	8191	8156	8124	8120	8118	8127	8141	8161	8175	8187	8193	8187	8200	8214	8240	8235	8242	8254	8245	8192	8162	8189	8162	8143	8139	8144	8150	8160	8158	8173	8201	8227	8265	8251	8231	8217	8203	8174	8147	8138	8151	8171	8186	8178	8100	7972	7942	7931	7927	7920	7917	
8082	8077	8081	8081	8077	8076	8077	8077	8076	8071	8069	8067	8065	8064	8059	8058	8055	8054	8053	8052	8049	8048	8048	8049	8052	8083	8172	8203	8209	8195	8156	8123	8118	8114	8124	8133	8152	8177	8187	8194	8185	8192	8215	8240	8234	8241	8244	8247	8200	8158	8181	8149	8147	8143	8151	8147	8158	8152	8176	8202	8236	8261	8244	8239	8228	8220	8181	8169	8149	8142	8128	8161	8173	8140	8010	7953	7940	7928	7925	7917	
8088	8084	8082	8083	8080	8079	8079	8081	8078	8073	8068	8064	8058	8059	8057	8058	8055	8055	8054	8050	8051	8047	8048	8045	8055	8113	8203	8225	8214	8187	8160	8127	8115	8114	8118	8130	8152	8184	8189	8197	8187	8193	8216	8239	8236	8236	8235	8243	8201	8156	8162	8162	8157	8153	8153	8151	8154	8149	8175	8207	8240	8251	8242	8216	8196	8179	8160	8159	8159	8165	8154	8120	8126	8139	8049	7961	7939	7932	7929	7927	
8091	8085	8088	8084	8081	8080	8087	8078	8079	8075	8071	8065	8056	8055	8056	8054	8050	8052	8052	8051	8047	8043	8044	8045	8058	8142	8222	8228	8218	8186	8158	8132	8113	8114	8114	8122	8147	8180	8186	8193	8187	8188	8216	8233	8234	8235	8234	8230	8197	8152	8160	8164	8172	8164	8158	8150	8155	8145	8173	8208	8236	8243	8222	8180	8172	8171	8169	8164	8167	8162	8153	8140	8109	8102	8065	7978	7937	7932	7928	7925	
8090	8080	8081	8082	8083	8088	8111	8092	8076	8070	8066	8060	8062	8056	8054	8056	8053	8053	8051	8048	8047	8046	8044	8047	8071	8169	8233	8223	8216	8199	8162	8135	8115	8111	8114	8118	8138	8176	8179	8188	8184	8186	8209	8219	8228	8233	8230	8229	8195	8153	8170	8183	8183	8170	8157	8152	8150	8140	8165	8195	8222	8233	8202	8194	8189	8178	8175	8186	8183	8185	8174	8155	8142	8098	8061	7995	7953	7938	7932	7925	
8092	8087	8085	8083	8085	8093	8157	8116	8081	8068	8068	8063	8067	8068	8056	8056	8053	8051	8049	8048	8048	8044	8047	8051	8084	8186	8238	8225	8211	8199	8170	8150	8117	8112	8117	8120	8131	8167	8176	8181	8187	8191	8203	8218	8227	8233	8232	8223	8194	8163	8184	8185	8181	8168	8153	8152	8148	8135	8159	8182	8206	8217	8223	8206	8176	8172	8176	8178	8163	8172	8178	8173	8161	8130	8082	8019	7964	7940	7930	7929	
8094	8087	8089	8087	8084	8090	8138	8123	8083	8075	8074	8067	8067	8076	8055	8054	8047	8049	8050	8048	8045	8043	8047	8052	8086	8200	8244	8222	8202	8192	8170	8167	8128	8116	8126	8114	8130	8158	8170	8172	8184	8191	8199	8213	8217	8230	8232	8228	8188	8166	8181	8180	8176	8158	8148	8151	8140	8133	8150	8172	8201	8203	8200	8174	8169	8167	8149	8137	8135	8132	8135	8156	8166	8142	8109	8054	7970	7943	7931	7933	
8095	8086	8087	8091	8086	8087	8114	8100	8083	8073	8073	8064	8060	8063	8055	8053	8051	8055	8051	8051	8049	8049	8048	8056	8103	8213	8244	8231	8203	8184	8182	8177	8140	8119	8123	8122	8122	8143	8166	8161	8178	8192	8204	8207	8207	8226	8230	8226	8176	8167	8184	8180	8178	8155	8147	8148	8137	8136	8146	8157	8196	8176	8170	8166	8158	8149	8147	8141	8133	8134	8132	8137	8143	8145	8129	8083	7984	7957	7940	7939	
8100	8090	8085	8086	8086	8084	8084	8081	8081	8074	8070	8061	8059	8056	8055	8052	8050	8047	8048	8045	8048	8045	8047	8054	8118	8223	8235	8216	8198	8186	8183	8185	8146	8121	8125	8130	8121	8135	8156	8155	8167	8193	8208	8201	8201	8216	8222	8219	8172	8175	8183	8181	8171	8148	8142	8143	8133	8137	8142	8153	8182	8171	8167	8155	8153	8157	8160	8162	8147	8142	8148	8145	8141	8134	8138	8112	8001	7964	7949	7946	
8103	8090	8086	8084	8080	8079	8085	8084	8079	8073	8066	8062	8051	8051	8052	8049	8045	8044	8042	8042	8045	8043	8044	8058	8137	8240	8236	8210	8207	8187	8191	8192	8152	8118	8122	8131	8120	8128	8148	8152	8158	8187	8209	8201	8195	8211	8218	8201	8161	8174	8176	8180	8168	8145	8140	8145	8126	8136	8141	8146	8159	8175	8160	8157	8157	8159	8152	8156	8167	8156	8154	8159	8158	8139	8128	8121	8037	7963	7957	7945	
8105	8090	8080	8084	8082	8081	8086	8080	8079	8070	8064	8057	8049	8054	8048	8045	8042	8043	8037	8040	8038	8038	8043	8058	8158	8237	8216	8205	8226	8192	8196	8194	8151	8123	8125	8133	8120	8123	8141	8154	8148	8179	8211	8209	8192	8208	8210	8197	8159	8183	8180	8181	8166	8142	8143	8143	8126	8136	8137	8142	8155	8167	8173	8189	8199	8200	8186	8172	8149	8152	8153	8171	8166	8153	8125	8098	8054	7972	7953	7956	
8109	8093	8090	8091	8085	8081	8086	8082	8077	8069	8066	8055	8052	8056	8049	8044	8041	8040	8034	8037	8035	8039	8043	8063	8174	8225	8208	8221	8241	8204	8207	8190	8154	8126	8129	8134	8122	8118	8128	8156	8144	8169	8211	8203	8184	8199	8203	8186	8179	8196	8179	8181	8161	8142	8143	8137	8127	8138	8138	8138	8153	8174	8192	8215	8218	8212	8202	8193	8168	8149	8136	8148	8163	8166	8140	8102	8054	7980	7953	7955	
8101	8097	8095	8086	8083	8080	8084	8083	8078	8072	8068	8059	8048	8043	8050	8046	8041	8043	8042	8042	8042	8042	8050	8084	8189	8211	8198	8238	8238	8195	8209	8184	8165	8126	8128	8133	8124	8113	8119	8151	8145	8152	8197	8201	8183	8192	8204	8191	8190	8202	8181	8173	8154	8143	8145	8136	8129	8136	8136	8132	8161	8179	8192	8195	8179	8166	8156	8156	8153	8148	8137	8128	8126	8150	8140	8106	8056	7980	7951	7950	
8095	8091	8087	8084	8072	8071	8079	8079	8081	8072	8072	8060	8050	8050	8056	8051	8043	8043	8044	8045	8042	8050	8060	8106	8201	8198	8198	8256	8224	8201	8205	8192	8170	8132	8131	8131	8129	8112	8114	8143	8148	8150	8182	8195	8182	8188	8197	8192	8196	8200	8185	8172	8152	8144	8148	8134	8131	8139	8136	8135	8165	8179	8177	8177	8171	8168	8163	8162	8165	8163	8153	8134	8116	8116	8121	8105	8047	7981	7957	7950	
8085	8080	8079	8078	8069	8061	8069	8075	8081	8071	8072	8060	8050	8050	8058	8047	8045	8044	8046	8050	8046	8049	8072	8160	8207	8185	8206	8220	8193	8220	8197	8204	8176	8134	8133	8127	8128	8117	8109	8123	8147	8149	8166	8186	8177	8184	8187	8189	8197	8199	8196	8182	8155	8145	8143	8130	8132	8142	8143	8156	8164	8174	8174	8180	8192	8206	8205	8203	8192	8188	8184	8173	8141	8116	8103	8085	8034	7974	7959	7951	
8083	8076	8079	8077	8071	8065	8063	8069	8074	8071	8066	8062	8051	8050	8052	8046	8045	8049	8045	8048	8048	8054	8114	8209	8203	8177	8216	8196	8191	8218	8202	8217	8172	8136	8132	8128	8128	8122	8118	8121	8134	8147	8156	8180	8176	8180	8175	8186	8197	8200	8204	8194	8158	8147	8142	8130	8137	8152	8172	8183	8183	8178	8165	8164	8175	8201	8222	8227	8212	8203	8188	8182	8168	8139	8108	8077	8036	7978	7961	7956	
8086	8082	8083	8084	8084	8075	8071	8069	8070	8072	8072	8067	8054	8049	8050	8045	8046	8046	8047	8050	8056	8065	8166	8220	8194	8202	8218	8181	8218	8227	8205	8222	8173	8138	8132	8128	8125	8126	8130	8125	8145	8146	8143	8163	8169	8173	8172	8182	8197	8206	8212	8209	8164	8149	8141	8132	8138	8174	8196	8214	8230	8225	8186	8172	8167	8173	8180	8190	8187	8186	8183	8180	8165	8152	8124	8086	8035	7979	7960	7955	
8097	8098	8098	8096	8097	8081	8079	8081	8075	8071	8070	8062	8053	8046	8052	8050	8045	8046	8048	8051	8053	8084	8206	8238	8195	8220	8203	8182	8235	8238	8217	8226	8179	8141	8134	8136	8128	8127	8139	8134	8152	8159	8143	8151	8164	8167	8172	8180	8200	8214	8220	8215	8168	8149	8143	8134	8140	8185	8211	8233	8246	8233	8198	8179	8183	8186	8191	8195	8194	8176	8169	8169	8170	8160	8146	8109	8058	7991	7963	7956	
8112	8109	8104	8100	8098	8093	8087	8083	8077	8073	8070	8068	8049	8045	8054	8048	8039	8046	8048	8046	8057	8117	8225	8220	8204	8230	8186	8213	8241	8248	8228	8235	8178	8146	8138	8143	8132	8127	8145	8146	8165	8169	8153	8151	8158	8178	8184	8187	8207	8220	8229	8230	8169	8154	8141	8134	8147	8187	8221	8236	8213	8193	8184	8185	8194	8198	8204	8205	8197	8176	8168	8170	8169	8161	8160	8133	8082	8024	7978	7960	
8118	8105	8098	8096	8095	8088	8080	8073	8074	8067	8068	8064	8052	8050	8049	8053	8045	8047	8051	8054	8067	8166	8239	8216	8241	8202	8203	8216	8241	8241	8232	8243	8178	8149	8146	8149	8132	8131	8154	8152	8179	8171	8160	8159	8161	8186	8197	8202	8211	8224	8233	8235	8172	8149	8137	8137	8148	8183	8216	8218	8181	8176	8174	8182	8186	8183	8184	8175	8179	8167	8170	8163	8168	8170	8161	8147	8104	8053	7992	7960	
8131	8089	8088	8085	8086	8083	8077	8070	8069	8061	8063	8060	8045	8040	8046	8052	8048	8056	8061	8084	8102	8228	8248	8246	8250	8200	8222	8203	8233	8226	8238	8240	8176	8158	8156	8153	8135	8137	8156	8159	8190	8169	8170	8165	8169	8191	8210	8218	8214	8221	8232	8248	8176	8146	8137	8140	8149	8179	8196	8186	8172	8183	8186	8190	8185	8181	8166	8167	8155	8151	8165	8164	8155	8160	8157	8147	8117	8068	8020	7976